sampleID	shannon_div	simpson_div	chao_richness	shannon_evenness	obs_richness
EXP1_MC2_P01_CS01	2.844208184799014	0.14957741331418184	1724.4973422869407	0.48716712876228396	439.33847639926836
EXP1_MC2_P01_CS02	0.6072613797287625	0.6673605562124674	228.38723544657213	0.15473033375403433	64.5295624770041
EXP1_MC2_P01_CS03	2.031281023074345	0.4691528363354763	3949.0455755894322	0.3214303018256333	554.1387122169749
EXP1_MC2_P01_CS04	2.641904878716902	0.22526779764175908	2996.999337726001	0.4482841414425725	386.2828387919134
EXP1_MC2_P01_CS05	1.2492303771475273	0.6988084999887868	1687.5298799941118	0.21330626822285625	354.3854603297332
EXP1_MC2_P01_CS06	3.953	0.0836	660.2	0.764	176
EXP1_MC2_P01_CS07	3.5225301080061175	0.09316399447572277	800.4242646056026	0.6907392177818308	175.8936578581771
EXP1_MC2_P01_CS08	0.7010061323582057	0.6180719463051936	23.15592905304301	0.20461157316761192	38.28323983437819
EXP1_MC2_P01_CS09	0.1088965912089836	0.9736184687489609	134.25082470583786	0.029495414996688396	55.8679433706525
EXP1_MC2_P01_CS10	0.20616311420712397	0.946968396021572	73.32201171921615	0.05449251997744853	50.17586607307365
EXP1_MC2_P01_CS12	0.5297679223893081	0.8460723003055199	131.69367110844115	0.11869583008881368	104.37305934207595
EXP1_MC2_P01_CS13	3.4031301314882754	0.07284183361572283	170.72322037971233	0.6273580962308687	289.48983167903594
EXP1_MC2_P01_CS14	2.698118722755723	0.20148321515685919	1350.8756599199303	0.4749694755967138	296.52477279876257
EXP1_MC2_P01_CS15	4.89576873712933	0.056808983527175894	1424.703077606518	0.780398951089376	525.433512407962
EXP1_MC2_P01_CS16	5.187622926014129	0.026686952025101185	2593.9223978037885	0.8356090091666648	492.1597996032634
EXP1_MC2_P01_CS17	6.989453587758192	0.0013863858474788548	640.4886156494333	0.9462763978106179	1993.178960444132
EXP1_MC2_P01_CS18	5.494942566693993	0.007241844564961686	2481.165653272135	0.9000237418036847	449.25793606433047
EXP1_MC2_P01_CS19	5.377809566540506	0.013928240319857177	743.1493100059438	0.8331985793930021	671.2580575529557
EXP1_MC2_P01_CS20	3.834027843282491	0.044875826587895844	270.1019969971094	0.677595715571021	311.7628194323186
EXP1_MC2_P01_CS21	6.40316471357869	0.0043026052272045565	506.6290429994078	0.8992881445510014	1535.73715719749
EXP1_MC2_P01_CS22	4.330941552443619	0.05412047094916306	566.1158353431615	0.7090573464961807	492.38714264401693
EXP1_MC2_P01_CS23	5.004909893495267	0.0251055234407922	897.8028985403738	0.7895173148976165	593.775746112395
EXP1_MC2_P01_CS24	2.3978482743221505	0.443111643378825	811.8064615035142	0.4122102528823549	338.6680650706847
EXP1_MC2_P01_CS25	2.2822101809487125	0.17885028087174515	566.4783710328608	0.4420733673554668	187.3624209014486
EXP1_MC2_P01_CS26	2.1845216690717977	0.13922262129978302	228.6057175647718	0.4909109616783261	106.26873423644813
EXP1_MC2_P01_CS27	0.7196417260086525	0.7977887774208535	166.74191908490684	0.14668910725531625	177.28259080777315
EXP1_MC2_P01_CS28	4.2875673555854945	0.13072489443889246	2396.145115814803	0.662121612317988	698.0811537619591
EXP1_MC2_P01_CS29	6.125791340509295	0.0035508857898485235	2254.5536363751844	0.9170410310230551	849.7866154416928
EXP1_MC2_P01_CS30	2.057475756345116	0.15214852759107877	118.35399722709575	0.4959181818373357	68.8224372778279
EXP1_MC2_P01_CS31	3.0395794332326886	0.17676453318456475	466.36653105805146	0.5118039662715335	437.38137608578336
EXP1_MC2_P01_CS32	1.1347933116808377	0.7475810317427979	210.18824991309103	0.1950105471173097	435.05203960336337
EXP1_MC2_P01_CS33	6.641877241646398	0.002087764318961405	912.2496017573186	0.9333674239692729	1457.6794658935908
EXP1_MC2_P04_CS01	3.033	0.108	481.7	0.677	88
EXP1_MC2_P04_CS03	4.0844419812786334	0.03285871153332631	5972.263508880681	0.6291064304119773	787.4938867554888
EXP1_MC2_P04_CS04	3.743	0.0654	357.5	0.801	107
EXP1_MC2_P04_CS05	1.8347890928725499	0.586648224843815	2244.6618945481096	0.25804270313870936	405.4514110134062
EXP1_MC2_P04_CS06	4.968	0.0581	1033.1	0.884	276
EXP1_MC2_P04_CS07	1.1770164329562656	0.48051388350831215	115.4844614753627	0.31687150355345994	51.53267024477196
EXP1_MC2_P04_CS08	0.9462621568187752	0.44203205335610624	102.4583349159867	0.2652904908763106	47.150567057002185
EXP1_MC2_P04_CS09	1.6507877256924346	0.30874513028353234	483.3634505758079	0.3336217138039617	135.10258470385904
EXP1_MC2_P04_CS10	1.3452290534107652	0.37565940566373535	195.0809942043722	0.3147917803746412	71.87432015266396
EXP1_MC2_P04_CS11	0.6263035073633016	0.8267484678695072	228.44730196940995	0.13455060951041697	104.69688755994643
EXP1_MC2_P04_CS12	0.8706566464111029	0.7064937834572558	512.2621957180148	0.18517683330533563	111.35055814083927
EXP1_MC2_P04_CS13	2.120755977440408	0.17681367558969996	31.672166520555095	0.46777068211633843	104.12559350344817
EXP1_MC2_P04_CS14	0.6630023971262897	0.7335513297440963	99.61422716657916	0.17522635745649173	54.42381932015911
EXP1_MC2_P04_CS15	1.1581329240352052	0.547265417207978	465.6147951508033	0.23817378591423133	127.30883293631149
EXP1_MC2_P04_CS16	1.263293284038002	0.3996596323280608	163.87654339546245	0.2822434075477651	92.54702978494835
EXP1_MC2_P04_CS17	6.836046601084206	0.004350348165927126	2738.6831626527674	0.915639087238736	2238.370150302541
EXP1_MC2_P04_CS18	2.9185102299607593	0.3292609985967869	1175.277605544673	0.48850727726759147	406.1536732878035
EXP1_MC2_P04_CS19	3.3531381509334404	0.12130586937080279	2205.1102113506136	0.5910531147980798	294.7172635886907
EXP1_MC2_P04_CS20	4.731742419733287	0.013439352199309251	1436.833382798803	0.840443200102186	294.9164666362869
EXP1_MC2_P04_CS21	3.0694359115798022	0.295281038272472	287.3102168229292	0.4716404917919042	883.2175496603624
EXP1_MC2_P04_CS22	1.8425629875132983	0.23862268409217258	311.729071574146	0.36511454545490385	206.28133654094813
EXP1_MC2_P04_CS23	1.6478007105833856	0.5046580383106798	451.5378059244195	0.32873914245052094	153.25846594668238
EXP1_MC2_P04_CS24	5.129812360226325	0.015354367845095918	1617.9334768876042	0.8191792758821649	556.5153132959892
EXP1_MC2_P04_CS25	4.297616291880182	0.03171661823788696	510.91365174522116	0.7570973350619702	291.9309191615863
EXP1_MC2_P04_CS26	5.793192982686094	0.006651210627680149	1835.666533968681	0.8694806047702546	908.8002957660025
EXP1_MC2_P04_CS27	4.9518969502133245	0.05149020531301445	672.6228694366508	0.7214598980602277	1101.3041938090255
EXP1_MC2_P04_CS28	3.3408337495374383	0.15540576135955997	505.299996444395	0.5147265102028242	744.8859749578627
EXP1_MC2_P04_CS29	2.6027958414879304	0.12006668974409818	1326.9706083681847	0.4825332279687642	219.26199065229363
EXP1_MC2_P04_CS30	6.684065552460709	0.0021343124381829797	2034.5781212920615	0.9228290977582727	1754.4190915494703
EXP1_MC2_P04_CS31	6.918928961715466	0.0015922436726369543	2290.7037771177197	0.9382116800571071	2006.542984074718
EXP1_MC2_P04_CS32	6.502869010447853	0.002498093122471401	1705.8764719222245	0.9232320754470105	1355.5784566993634
EXP1_MC2_P04_CS33	6.19261720831841	0.005717016984316047	549.1195462757997	0.8710999342323784	1555.3583408992117
EXP1_MC3_P02_CS03	5.2	0.054	1505.2	0.904	315
EXP1_MC3_P02_CS04	2.528	0.175	128.2	0.628	56
EXP1_MC3_P02_CS08	1.0090761945219164	0.7759825591819844	1213.1191845326846	0.15439651365758533	587.5942670400586
EXP1_MC3_P02_CS10	3.4602317396702023	0.07983231814152314	945.1198794292984	0.5393289097978033	496.7069012503139
EXP1_MC3_P02_CS13	1.0802693076810486	0.6669997582664413	289.62297356217465	0.24552951213750307	80.95160667336756
EXP1_MC3_P02_CS14	5.202303049833944	0.009721711870205096	1301.5808603823566	0.8452817408296452	526.6092301746753
EXP1_MC3_P02_CS15	3.723202401867735	0.07773955260320409	3322.1905159483554	0.5380726429509237	1005.0292654049708
EXP1_MC3_P02_CS16	3.482	0.0456	250.0	0.831	66
EXP1_MC3_P02_CS17	7.0476466005281395	0.001317942921141578	772.2713822382207	0.9475086550651366	2122.026486235203
EXP1_MC3_P02_CS19	0.8071789256887472	0.58442862166919	54.83833116159693	0.22979860884223147	43.8767968687631
EXP1_MC3_P02_CS20	0.22268406031662313	0.9487112516618419	350.8824598734986	0.048850959298543106	101.0573057844775
EXP1_MC3_P02_CS21	3.3107801539946053	0.0775003465920644	1078.24224899054	0.596132960745509	309.3864015688755
EXP1_MC3_P02_CS22	1.1483920356902877	0.6956703414844713	2253.949238888244	0.1917412866621746	361.7516357359208
EXP1_MC3_P02_CS23	0.8689646095540862	0.7714501945608282	603.6355587906936	0.1384856499324254	343.6547418088025
EXP1_MC3_P02_CS24	4.113	0.0653	954.0	0.773	204
EXP1_MC3_P02_CS25	2.8336467170649433	0.10895082732631889	1677.7874884946698	0.5842327387306198	156.8862460746795
EXP1_MC3_P02_CS26	1.707440154503297	0.2284600628806106	246.02220502986182	0.3868331649153567	81.71090564116582
EXP1_MC3_P02_CS27	5.317454829318237	0.008189506128356339	2304.2596115693095	0.878286511444676	418.73642230113074
EXP1_MC3_P02_CS28	2.813	0.107	294.9	0.658	72
EXP1_MC3_P02_CS29	3.974797272166792	0.02888166492543831	2331.546770225733	0.7000930863144353	388.8472197170617
EXP1_MC3_P02_CS30	3.8089634617717545	0.03710329294742665	3190.1929908219367	0.6284895126159964	432.1154010787753
EXP1_MC3_P02_CS31	3.5462467475168653	0.06755296492210439	1280.5084089586342	0.72183492893985	161.4113621850402
EXP1_MC3_P02_CS32	5.357432801839877	0.007564436277091913	1608.927938425095	0.8953229110473713	402.1313659927412
EXP1_MC3_P02_CS33	6.691857663202313	0.0017007537779534232	2272.1067796310067	0.9588744552162443	1142.014989995512
EXP1_MC3_P05_CS01	1.7783399713526613	0.466463126779215	703.1627923968492	0.3647557233432115	142.30589481599233
EXP1_MC3_P05_CS02	3.7062540216353455	0.03455188332438475	1676.9767775974337	0.6583510380631901	278.2158596028849
EXP1_MC3_P05_CS03	4.442979665850858	0.02413356567240077	8600.401563439564	0.6444312429559486	1000.8447355280688
EXP1_MC3_P05_CS04	3.616469514954119	0.18566058759297632	1739.756449137615	0.6593636790186062	225.59348579735519
EXP1_MC3_P05_CS05	6.104	0.0217	2337.9	1.02	391
EXP1_MC3_P05_CS06	1.3509148368121444	0.31485146314433043	50.219980583255335	0.3897748824661402	32.991304499100224
EXP1_MC3_P05_CS07	3.346	0.0509	171.0	0.828	57
EXP1_MC3_P05_CS08	6.484709149716764	0.0043007735044161555	913.4891803186606	0.9308059291825129	1155.6057482090707
EXP1_MC3_P05_CS09	6.6446272808301785	0.0029731658861490173	1153.0199396631167	0.9410178305622866	1326.7840571673582
EXP1_MC3_P05_CS10	6.020536779606971	0.008704581065277162	986.6439791949103	0.8942866503328275	891.1786607197423
EXP1_MC3_P05_CS11	6.529829211767151	0.0035711933958229025	919.4858084800264	0.9380347401793456	1177.6292732761874
EXP1_MC3_P05_CS12	2.304901679552941	0.22836459955157348	685.5238319223841	0.3830433515212971	579.3557666930894
EXP1_MC3_P05_CS13	3.908208996084099	0.07199294973701909	245.29740416518487	0.6353867861901947	613.3931769815332
EXP1_MC3_P05_CS14	6.4745133775853105	0.0037912609207793177	1200.4025727481624	0.9325485507165352	1164.2785097768774
EXP1_MC3_P05_CS15	6.4814924205278714	0.004233956563129304	3027.0955442608233	0.9254442212003139	1221.717146172486
EXP1_MC3_P05_CS16	6.5405047043243485	0.0036744443794899384	1067.3380062284411	0.9373480126985683	1205.8359011673622
EXP1_MC3_P05_CS17	7.10366956345041	0.00118321565858073	2637.5352067653325	0.9494602873161899	2243.5874276803734
EXP1_MC3_P05_CS18	0.9123474807112473	0.7909904563728136	384.9463464002789	0.16280727598246747	349.5101563557473
EXP1_MC3_P05_CS19	5.018755144776563	0.06923807661857717	761.9954577061405	0.7806151993319455	634.5836699431912
EXP1_MC3_P05_CS20	3.271019153723529	0.06618904265555495	332.2347440622313	0.6194632515362204	250.20680646636973
EXP1_MC3_P05_CS21	5.912891774531232	0.0057371369879102236	1391.1793504577658	0.8842928128815647	929.3615884120451
EXP1_MC3_P05_CS22	1.7735513409558006	0.2693674242994091	65.91930672209831	0.39647015744935155	89.64236411211029
EXP1_MC3_P05_CS23	1.4627813523049351	0.3120840477925989	84.19815547136001	0.31346407465847037	114.90266865711318
EXP1_MC3_P05_CS24	4.882585322806963	0.017844109053188006	5004.590705303827	0.6752183063453479	961.9602717886271
EXP1_MC3_P05_CS25	4.028187390320461	0.03746683516299898	957.647232773551	0.7194108541735871	348.6451095813835
EXP1_MC3_P05_CS26	2.788628483904822	0.14655215552276246	425.6673534585401	0.5134570992973176	242.48544753055887
EXP1_MC3_P05_CS27	5.574396501715171	0.010596718139586285	4309.866479648011	0.8651469762018801	679.7567499563812
EXP1_MC3_P05_CS28	1.54106424952177	0.5831456456998749	312.88934232212875	0.3010192990039847	175.7255978577003
EXP1_MC3_P05_CS29	7.798720427771246	0.012528289073495347	14110.457570367773	0.7176647668067496	2801.9305051851084
EXP1_MC3_P05_CS30	1.2888123907296567	0.5990636508504272	710.7486880706658	0.31838333940707864	88.80919822042392
EXP1_MC3_P05_CS31	3.0785629985015164	0.07100572468603183	2071.2118184639116	0.6210419780297167	174.64314953411207
EXP1_MC3_P05_CS32	5.5279390949901455	0.00985359381984241	1109.760373035815	0.8933776971175454	497.6941024647884
EXP1_MC3_P05_CS33	3.211434439604986	0.2680044687346748	2154.0515079258876	0.5525332378984391	354.4121596818246
EXP1_MC4_P03_CS03	3.294933524424068	0.07022632369548498	2680.159462372712	0.5139220079914755	575.845515258632
EXP1_MC4_P03_CS06	3.28953252287929	0.07763270870661809	3145.851327683801	0.5773790099612802	272.85618955533056
EXP1_MC4_P03_CS07	3.5329425608540674	0.05421336258196888	3147.3764446643577	0.5851334279752161	436.4530455730305
EXP1_MC4_P03_CS08	4.806262238467427	0.03653829669933184	11278.842469748484	0.630714961386347	1044.915502258
EXP1_MC4_P03_CS09	1.5732278396935815	0.4998593565756319	2297.7975198329455	0.266387902324392	344.88205977284576
EXP1_MC4_P03_CS13	4.049908176148612	0.0391527815031697	5934.095377370729	0.6491789658336916	590.0374340820073
EXP1_MC4_P03_CS14	3.584968849665558	0.04295591797430383	2138.305477822741	0.6109954605583736	354.30706886511604
EXP1_MC4_P03_CS15	4.798952221354989	0.024670452721916036	13537.843869940922	0.6887073688596864	1118.854780391275
EXP1_MC4_P03_CS16	0.769258846890873	0.5997754938613151	133.16405745841334	0.19571918352767892	53.84257904165536
EXP1_MC4_P03_CS17	6.940763944733135	0.0015120599958484775	351.2816063889266	0.9420187371782252	1968.2297047329569
EXP1_MC4_P03_CS18	3.5889249955891396	0.05226944534777611	4673.431645922916	0.5994498358326805	435.4639262087163
EXP1_MC4_P03_CS19	3.236768799119284	0.06484677203004263	1061.7555030040467	0.6077162544028827	201.95295089550638
EXP1_MC4_P03_CS20	4.032563093332221	0.0353901804670238	6544.158441389307	0.6298376545522134	635.7144306816056
EXP1_MC4_P03_CS21	1.0765459495280112	0.7168286288099864	197.15578555943375	0.22559736019551185	120.804994725496
EXP1_MC4_P03_CS22	6.155	0.0357	2883.5	1.01	445
EXP1_MC4_P03_CS23	2.448415504038894	0.1756945031381495	209.45586660271672	0.5901722279233679	78.01322962600518
EXP1_MC4_P03_CS25	2.834	0.0906	514.0	0.717	52
EXP1_MC4_P03_CS26	3.665949903515993	0.03914388648020095	637.5754231035698	0.640228412633488	440.1683873117633
EXP1_MC4_P03_CS27	4.278183752465059	0.020617577130255693	2645.907193444691	0.759034296791121	293.4078863291453
EXP1_MC4_P03_CS28	2.499	0.187	190.0	0.588	70
EXP1_MC4_P03_CS29	3.31645429831262	0.05979719357136104	732.3706001619752	0.5428898322379077	304.4037974757468
EXP1_MC4_P03_CS30	5.044	0.0561	1115.6	0.893	284
EXP1_MC4_P03_CS31	3.8177418619527637	0.04752601654167077	2214.576625340107	0.6732212254864799	304.45780535269745
EXP1_MC4_P03_CS32	3.3551633947295048	0.06768602138099611	1070.9673535326438	0.6339042255588233	192.20264843011518
EXP1_MC4_P03_CS33	5.184602019314756	0.033456408607059895	16745.497489480367	0.6454169357311786	1793.8676189545656
EXP1_MC4_P06_CS03	2.099755926254952	0.3316594295190155	1341.6984418109644	0.3685144860339224	288.94666120442935
EXP1_MC4_P06_CS07	1.046	0.652	44.7	0.321	26
EXP1_MC4_P06_CS08	2.649	0.0975	227.0	0.704	43
EXP1_MC4_P06_CS09	2.366	0.284	230.3	0.543	78
EXP1_MC4_P06_CS11	3.3561445631369273	0.06536413889503434	1718.0178393380847	0.4991877695967161	630.4252262891622
EXP1_MC4_P06_CS12	0.7159219976599563	0.7781946703966596	317.2573736149023	0.17106205479097614	66.86197746033287
EXP1_MC4_P06_CS13	1.9382660406067247	0.28063940647059926	225.62099721213156	0.46023871218141643	64.31650388694844
EXP1_MC4_P06_CS14	1.3525645291761617	0.4115611314675132	548.2997937079156	0.27802818380391514	129.2054523173616
EXP1_MC4_P06_CS15	1.2446182392339242	0.4343579959253941	246.96506480269775	0.27768298801413005	87.78739000036799
EXP1_MC4_P06_CS16	3.3110119544724235	0.05817623859363752	1824.6856345667675	0.5769926478275653	316.31431556642065
EXP1_MC4_P06_CS17	6.701681316868928	0.002136794445349379	645.7074067669663	0.9269367640137177	1705.7462371116567
EXP1_MC4_P06_CS18	3.090073676788837	0.0623327096382138	1274.7045410542783	0.5273616277238211	339.72869930817353
EXP1_MC4_P06_CS20	1.4340974380050298	0.3621340219497924	52.70553289371329	0.38859369149263706	37.13129703747755
EXP1_MC4_P06_CS21	0.3529359675270087	0.903092749623443	68.56088349412406	0.10010328217397058	33.741196680139716
EXP1_MC4_P06_CS22	2.9789993785947546	0.15741819937746582	2237.379007924331	0.5623654597765331	236.62338802344254
EXP1_MC4_P06_CS23	2.525527200924476	0.20207442360028527	1867.6579625192398	0.44197297334220775	307.0980471540837
EXP1_MC4_P06_CS25	2.5281623508313027	0.17589691999632817	271.55156826010807	0.5245109839448123	102.9750890462217
EXP1_MC4_P06_CS26	2.7683723806687777	0.15091134834338793	1319.0612283820653	0.5491489142957762	168.32473078792722
EXP1_MC4_P06_CS27	3.317458351231889	0.14297212796572523	1613.4951751368392	0.48117506397836274	1016.9866643343515
EXP1_MC4_P06_CS28	2.7993976857720053	0.15280511288264997	1927.4836857576825	0.5300488528898767	225.70572333480746
EXP1_MC4_P06_CS29	2.341628870488016	0.22987418030103213	646.1913878279217	0.4511526164509242	179.46489973949954
EXP1_MC4_P06_CS31	3.477761697869239	0.11426219405059201	6014.783209593614	0.5277833200223727	749.6186921089095
EXP1_MC4_P06_CS32	2.5176063569069007	0.1983664718994408	1244.982647428413	0.4894030032176283	171.73677504600727
EXP1_MC4_P06_CS33	5.012	0.118	2452.3	0.838	395
EXP2_MC2_P07_CS01	6.003455361751023	0.0045002352188190375	1802.3047511605887	0.9017629674802324	866.2494473115249
EXP2_MC2_P07_CS02	1.0040253665226353	0.5524926813191857	317.4069047839298	0.21314472984643507	113.31366393250363
EXP2_MC2_P07_CS03	3.2849167944375486	0.08574374981491928	2309.4178576996173	0.5849674832477889	314.8435003614389
EXP2_MC2_P07_CS04	2.862	0.121	258.1	0.627	96
EXP2_MC2_P07_CS05	2.6608437700837095	0.1440638484939043	1555.3103892575102	0.4751415711310988	284.78053684270054
EXP2_MC2_P07_CS06	3.923	0.0657	639.3	0.781	152
EXP2_MC2_P07_CS07	4.660164772389494	0.013586559929140929	4156.874067799533	0.7958423738117112	486.5711653192761
EXP2_MC2_P07_CS08	3.642215310724523	0.12409476505452843	5688.450323058285	0.5327096007970459	870.1910527073343
EXP2_MC2_P07_CS09	6.330278707440954	0.003073467820067899	2167.627732019172	0.9141981493558213	1099.2954736302918
EXP2_MC2_P07_CS10	1.0754231994089491	0.54080711635693	347.51676547215595	0.22201324571643066	140.8637524762884
EXP2_MC2_P07_CS11	3.532268776033476	0.10199839029861812	833.2215536432219	0.6209856689480837	292.7161902911501
EXP2_MC2_P07_CS12	3.0281130763194515	0.12763554876144567	973.0756555982185	0.5716751717701447	209.5858774678752
EXP2_MC2_P07_CS13	4.222583954083362	0.04152896549350076	444.7158566048348	0.6920537637885514	539.990659610497
EXP2_MC2_P07_CS14	3.158315013847166	0.06964371804597957	192.79702229335572	0.5861802367854277	277.7892688685317
EXP2_MC2_P07_CS15	1.7584700669373134	0.43120213066330565	431.2776421067534	0.3110690744343715	324.93391005229165
EXP2_MC2_P07_CS16	1.0610268473783409	0.5123050460632033	103.02736532889529	0.21639943826786515	144.69928316788378
EXP2_MC2_P07_CS17	6.685959196243289	0.0024773017761252035	367.70665613690903	0.9215954998074193	1758.1659885972097
EXP2_MC2_P07_CS18	3.850149474189976	0.12422363732240282	754.04113388538	0.6311613702814746	466.88574208220143
EXP2_MC2_P07_CS19	3.1353920623775053	0.15668552595586338	301.6331890843693	0.5005062209149203	692.5793963247372
EXP2_MC2_P07_CS20	1.8152148359024578	0.3680236970462028	185.58671063770458	0.3330294018212475	309.0523802662478
EXP2_MC2_P07_CS21	4.558036129877038	0.03572680757630298	1106.8194503229531	0.7094902962135721	796.1624599594593
EXP2_MC2_P07_CS22	2.104520312418252	0.2228302642957537	140.01403271553357	0.4323755964174953	159.91366856309065
EXP2_MC2_P07_CS23	0.8660970438931045	0.5639444257401311	158.78561884102982	0.20243579050171967	92.19160228227574
EXP2_MC2_P07_CS24	5.6069831751908055	0.01630810025583118	1219.0108847298222	0.8230409947012567	1044.4882190381252
EXP2_MC2_P07_CS25	5.044193190203458	0.03414647512577422	518.0293219509906	0.7339234049141103	1243.7114241204174
EXP2_MC2_P07_CS26	3.9522060091837545	0.08036156778282566	843.4757118183472	0.6241794417311042	668.6616136566212
EXP2_MC2_P07_CS27	3.894309077833043	0.11827487693781802	329.9329907640763	0.5830483974910232	1046.8196964251474
EXP2_MC2_P07_CS28	1.7354191075379615	0.3307282899166656	237.84704571474322	0.33183612224040726	248.2782461629832
EXP2_MC2_P07_CS29	1.161358683727621	0.44698403930271674	128.94250793379334	0.26286890668978136	89.97822665017361
EXP2_MC2_P07_CS30	1.74176431032312	0.4341162580943993	526.5938643097477	0.29850131345616804	466.41316038866637
EXP2_MC2_P07_CS31	3.6872071161994455	0.1789814985560616	985.8827805193126	0.5913377486396545	602.2212055309158
EXP2_MC2_P07_CS32	5.733695666015564	0.020450833143612155	362.88843843828863	0.8066842395849537	1566.4252430851689
EXP2_MC2_P07_CS33	5.310404105674792	0.035790353651632814	511.2197498603993	0.7561264666665558	1444.5766379198637
EXP2_MC2_P10_CS02	2.5870207337799815	0.09468365136746745	126.28094846907834	0.6211712031910931	70.88902568549521
EXP2_MC2_P10_CS03	3.572	0.119	692.1	0.694	172
EXP2_MC2_P10_CS04	2.900759038885097	0.10960972874854247	1438.8710542589404	0.5595790173681168	185.52400533860904
EXP2_MC2_P10_CS05	2.1651838793167464	0.2522795822333085	1098.3951475599995	0.3951114572655137	282.89133634711027
EXP2_MC2_P10_CS06	1.883630330727783	0.30078348415831146	815.6321337982097	0.37533250511291477	153.8460642963227
EXP2_MC2_P10_CS07	2.8643890691182907	0.07464100389877182	89.2359724693846	0.5956348109512679	154.97604420079338
EXP2_MC2_P10_CS08	3.5543242148129917	0.0763735522702822	841.1731410604764	0.5529151209216487	446.5175439602186
EXP2_MC2_P10_CS09	1.3778799919338058	0.3849693043730223	241.99285187325424	0.3032866715879884	94.6363509960642
EXP2_MC2_P10_CS10	4.369813372050891	0.022690699032701378	2465.4356500326103	0.7641295431505641	332.830737703524
EXP2_MC2_P10_CS11	1.752769799196471	0.4239531186451847	1215.7513068382707	0.3206183816766943	237.46436150694038
EXP2_MC2_P10_CS12	3.7816214141643565	0.04976422314276252	3883.8404158675985	0.6068146076023267	667.6053620611787
EXP2_MC2_P10_CS13	4.7147417976533035	0.02002928364709429	867.1241991076694	0.7654871076948059	575.5799553331801
EXP2_MC2_P10_CS14	1.5944876166276052	0.35006759494720935	137.81180443375447	0.3911282578728529	69.11464909017064
EXP2_MC2_P10_CS15	1.9626882157249055	0.42543705114887714	1374.8264069682698	0.36414252765159355	242.8775682747592
EXP2_MC2_P10_CS16	4.569884580144082	0.015948815091720525	2285.6379143961276	0.754343444756216	536.5243949131384
EXP2_MC2_P10_CS17	5.4546254148339415	0.023011278347495723	477.557522359245	0.7773657690011092	1445.7078684349294
EXP2_MC2_P10_CS18	2.9078858413763644	0.16246666056996273	2808.8891559461827	0.5104234529753757	325.21538814365294
EXP2_MC2_P10_CS19	1.7320702896636944	0.5224030603811398	445.0173077195604	0.31077342306914035	329.97514230642304
EXP2_MC2_P10_CS20	3.8664985939489753	0.121494081630806	648.413931012398	0.623310869416474	613.9527637664547
EXP2_MC2_P10_CS21	2.5054486092762716	0.2807806812151433	375.0162252834992	0.4258466022196945	470.06998583031685
EXP2_MC2_P10_CS22	2.5297569311430834	0.30621784125577634	502.0436045980363	0.41916484133061255	498.8410984554775
EXP2_MC2_P10_CS23	3.1418714874313807	0.2900086510527279	1148.844195510389	0.5321144918013594	360.81063102787823
EXP2_MC2_P10_CS24	3.0220706409007363	0.28486378432541426	902.9232218792424	0.4767282997931843	720.6885615288423
EXP2_MC2_P10_CS25	2.132505393396727	0.45611514968656697	240.9042985961261	0.3536950728173416	544.8887447965685
EXP2_MC2_P10_CS26	5.543685874691903	0.041221927058094736	1825.2667695131474	0.7886076987285683	1368.1377993771578
EXP2_MC2_P10_CS27	4.938766554630334	0.05844625250333234	1262.5553008906443	0.7585090468488493	812.400607761719
EXP2_MC2_P10_CS28	4.4005117061048225	0.1489921136509733	926.3875047571506	0.6521758347525295	1066.7122235489069
EXP2_MC2_P10_CS29	5.86292404234149	0.00447730526115242	1120.9104576870232	0.9152424708557471	609.8788280831432
EXP2_MC2_P10_CS30	1.846431869198355	0.5568013372241312	356.61875099913146	0.31293995730536395	468.94093432991315
EXP2_MC2_P10_CS31	3.1683415505817294	0.20240735758327766	508.9607609534079	0.5201715688909708	472.85853165135063
EXP2_MC2_P10_CS32	6.079824039047594	0.004927944493985925	1399.491360104736	0.888651106596199	1076.6086251556787
EXP2_MC2_P10_CS33	6.243094840563458	0.004602592044049234	964.9271126277839	0.9042622005087936	1188.493258426129
EXP2_MC3_P08_CS01	4.487732335333934	0.029822770959494482	3347.502968969027	0.6485389246278616	659.9334826009715
EXP2_MC3_P08_CS02	4.447	0.0584	1117.4	0.826	218
EXP2_MC3_P08_CS04	0.22833285621163046	0.9437121657033043	274.9035729635762	0.05276889053497502	73.3877067250142
EXP2_MC3_P08_CS10	2.495225549199152	0.15168048368078046	473.2789816410432	0.5111464497388225	171.8174068346474
EXP2_MC3_P08_CS13	4.118758715181741	0.02308791570827159	178.0249806167021	0.8026431915424861	191.2323643039843
EXP2_MC3_P08_CS14	2.7692405191047005	0.25300712750600174	873.9790133668048	0.5208887348805493	211.98768556699738
EXP2_MC3_P08_CS17	6.938309732914348	0.0014713823593054398	1601.7277533081196	0.9430976227517334	1929.8360548535345
EXP2_MC3_P08_CS19	3.884330765544523	0.08602901608083724	6380.034484038695	0.5956880602942208	699.3101314256722
EXP2_MC3_P08_CS20	4.29452780969557	0.029016840201945837	1248.4236268431857	0.7511832126825312	338.6075348116634
EXP2_MC3_P08_CS21	3.2188213082589314	0.1311984079054188	428.865868159187	0.5477611216747427	427.2339312960074
EXP2_MC3_P08_CS22	1.2886027772168507	0.3419478084769698	147.370527808831	0.288273865502785	101.07875296920096
EXP2_MC3_P08_CS24	4.1969173439457395	0.037967681939552245	6186.155456942311	0.6637582424172619	392.8952022998733
EXP2_MC3_P08_CS25	4.175584177557958	0.04596839316797097	3219.364768148413	0.7470011345627755	341.6989748537152
EXP2_MC3_P08_CS26	4.321092914355291	0.029557581860042648	3619.980923080237	0.7194352931057244	505.3060172256655
EXP2_MC3_P08_CS27	5.663104624162507	0.004928002939031728	2819.0607063516754	0.9111115550552622	504.4099355961436
EXP2_MC3_P08_CS28	5.383016276252842	0.007065087409200865	2008.1211047200538	0.8900419015409461	434.9579190668188
EXP2_MC3_P08_CS29	5.634306405459114	0.007869401500465889	1882.4136602368412	0.8783126573592543	662.1637884512411
EXP2_MC3_P08_CS30	4.712717815280153	0.015517647182122452	2758.1768817299585	0.7163724257795308	549.9135490574165
EXP2_MC3_P08_CS31	5.028089542748497	0.02537381127278837	5956.619399196249	0.6769111611953662	1624.0618022757737
EXP2_MC3_P08_CS32	5.710735956833233	0.004942815629659735	2123.730869980407	0.9044732821038823	586.7064753933073
EXP2_MC3_P08_CS33	6.170982728777943	0.004007929485214223	1466.5271526006336	0.9188705430268734	920.9867343894823
EXP2_MC3_P11_CS01	3.944556395546547	0.023928250533140738	2240.17254404107	0.7194451095892582	248.69699939400425
EXP2_MC3_P11_CS02	6.082	0.0249	3690.1	1.02	387
EXP2_MC3_P11_CS03	0.36337668162982045	0.91389853576525	245.0715671718079	0.07923978542836152	105.51248582763728
EXP2_MC3_P11_CS04	0.31910430275837787	0.9164392243195578	113.61501868082426	0.07416414627549356	89.13732979628111
EXP2_MC3_P11_CS05	6.34	0.0257	2298.2	1.07	381
EXP2_MC3_P11_CS06	3.1921419919539127	0.17254575161770935	568.6496138448576	0.5744156772087187	398.7681949476349
EXP2_MC3_P11_CS07	0.8805698210985142	0.7499458988725473	147.39071721075524	0.2006490259659215	76.63440752495794
EXP2_MC3_P11_CS08	4.2626841876789285	0.201526106542965	638.8409734018127	0.6191282627565202	1209.2781268626213
EXP2_MC3_P11_CS09	5.972274914972857	0.0055839883220277775	1436.9217901859781	0.924664523385055	640.9360488965168
EXP2_MC3_P11_CS10	5.703958294580687	0.0063380145673838095	2830.1059163429973	0.9044367063317805	543.4402879457115
EXP2_MC3_P11_CS11	6.595696243694562	0.004250621935130483	1278.1614215149705	0.9334242791560418	1308.9173404532653
EXP2_MC3_P11_CS12	6.588409498521088	0.0039644258437476765	794.5488011942949	0.9340244856861517	1325.6587706545954
EXP2_MC3_P11_CS13	6.6322107384429785	0.0031153524741564928	639.2296173506904	0.9402975277495174	1326.1438748557425
EXP2_MC3_P11_CS14	5.872251938663894	0.007286153731160927	4455.145099597774	0.9030308561752943	661.1771367511731
EXP2_MC3_P11_CS15	6.471096998793342	0.002944267041207649	716.1980734814294	0.9134373816721224	1449.6034872920663
EXP2_MC3_P11_CS16	6.336888969064063	0.003555027181084432	1039.5397547705236	0.8993088954215743	1413.3311471874222
EXP2_MC3_P11_CS17	7.104411876803056	0.0012076382775523958	2653.0195963196875	0.950135079382455	2228.4905987481548
EXP2_MC3_P11_CS18	5.982015437231439	0.005528104874815254	828.0873986067277	0.9248250979334132	642.9294765715454
EXP2_MC3_P11_CS19	5.750732202342164	0.005730762936734024	837.702153331915	0.9253659599835681	489.56881411341806
EXP2_MC3_P11_CS20	4.509270087470686	0.016466066201240803	5638.736538666706	0.7439033826671907	459.203992814359
EXP2_MC3_P11_CS21	4.316166711221257	0.0501241377859273	731.6186762383703	0.6826203765458607	701.4267344669798
EXP2_MC3_P11_CS22	5.419800498273656	0.0064011348481144426	7036.102815356735	0.8399399828698341	724.9577630627223
EXP2_MC3_P11_CS23	5.436180952179825	0.00915043376190916	3457.678023688779	0.8832230572678624	469.67841498314846
EXP2_MC3_P11_CS24	4.116571465419575	0.037004833239832835	3367.5131618402665	0.6851398308247115	427.7630060180325
EXP2_MC3_P11_CS25	3.511836333400357	0.07608327539845872	1925.7448805752604	0.6241886760327888	282.0982427868786
EXP2_MC3_P11_CS26	3.8478546315172277	0.17152441439863886	13887.214181971778	0.5341440870924512	1277.069470790338
EXP2_MC3_P11_CS27	5.090794179098744	0.010679337337071826	2358.4578323247165	0.8541727634109508	378.6005353551841
EXP2_MC3_P11_CS28	5.407704031046578	0.008250413241764898	3735.1067770838636	0.8911045431458391	418.2567163919849
EXP2_MC3_P11_CS29	1.9526757511002515	0.5320056562245188	1835.65898309844	0.33653528285746126	325.3818719099165
EXP2_MC3_P11_CS30	2.8468351902536377	0.265757234613765	759.6976859929646	0.47333709243365635	208.0978833971939
EXP2_MC3_P11_CS31	3.3940590758035714	0.0576913545490898	2012.0301715577616	0.6559152399441295	257.4512278337779
EXP2_MC3_P11_CS32	4.579499462524279	0.02244650774036905	3028.6024779488303	0.8248911150998	250.68254341273868
EXP2_MC3_P11_CS33	4.767186122378282	0.015158535579807952	2920.037847513295	0.8318807394458276	387.84911876496756
EXP2_MC4_P09_CS02	4.269436236584737	0.0478649330661679	7460.754698977657	0.5988402417073447	971.2086166668848
EXP2_MC4_P09_CS04	1.5562797495575098	0.5549041042102038	1003.2114261412192	0.30013772958682405	177.58204826632218
EXP2_MC4_P09_CS05	3.846951723073502	0.028892239781907247	2113.1495085832235	0.6949296004049191	272.78741730721066
EXP2_MC4_P09_CS06	6.842	0.0249	1731.2	1.14	402
EXP2_MC4_P09_CS07	4.425478099500904	0.018827423928868825	4070.3495154380275	0.7117878400673021	577.0051493875193
EXP2_MC4_P09_CS08	0.6597904900121516	0.6854384613132212	68.46840668021726	0.17236164273888432	57.415618798363525
EXP2_MC4_P09_CS10	2.546793193055864	0.490651967988128	3186.5422778096513	0.3322819050427372	1437.9601423821941
EXP2_MC4_P09_CS11	2.126	0.471	259.3	0.452	110
EXP2_MC4_P09_CS13	1.1423789199327237	0.44190001644655	230.92144731063686	0.2801689053321075	58.17315581267287
EXP2_MC4_P09_CS14	3.404894455978015	0.05722213860313319	1473.32862103275	0.6193255704446707	246.4882950784152
EXP2_MC4_P09_CS15	4.342581816836718	0.02469356727691585	4973.0006990668335	0.6747846657653364	723.9707951128814
EXP2_MC4_P09_CS17	7.113453022354577	0.0011493884915057193	2701.1696096202763	0.9511477350403194	2232.0019740205817
EXP2_MC4_P09_CS18	4.034656582424347	0.13588414427593587	750.0089567387689	0.6383443155045962	685.3108741002378
EXP2_MC4_P09_CS19	3.683575431390203	0.042739495970485986	1820.504994117108	0.6704620098425956	244.02790610575832
EXP2_MC4_P09_CS20	1.745024311599587	0.465303665456607	315.5555244261657	0.37241598416667565	102.2840378620508
EXP2_MC4_P09_CS21	3.317912875514075	0.061193586602188	806.65910678954	0.6012664209440499	294.45027649063024
EXP2_MC4_P09_CS22	1.3976684778110666	0.6016607699579273	580.7023274334102	0.27578761713105093	156.7286848790029
EXP2_MC4_P09_CS23	3.895514409047717	0.034332748813233005	2181.8238619737062	0.6914401129963181	288.2600486846236
EXP2_MC4_P09_CS24	5.463	0.0303	1843.0	0.924	369
EXP2_MC4_P09_CS25	5.842145700617522	0.004924019228221832	1038.667604365258	0.8785599338469364	852.5017452591472
EXP2_MC4_P09_CS26	1.0385959484981433	0.7052610961209953	323.5172792418858	0.2328251959243005	85.88838956517185
EXP2_MC4_P09_CS27	4.343616645891046	0.15111525861728836	1605.9257654693433	0.6765985188369115	688.9475978755049
EXP2_MC4_P09_CS28	5.333555824684348	0.015646369159511897	9260.15803081907	0.7140253420569009	1035.8349747112306
EXP2_MC4_P09_CS29	6.305	0.0294	1713.1	1.06	390
EXP2_MC4_P09_CS30	0.3421920607105901	0.8993743831758109	150.03391244741726	0.08294733550385434	76.26775274717782
EXP2_MC4_P09_CS31	0.4415275811304158	0.8889859792313962	83.56049990094883	0.09845274553532923	105.8475417604664
EXP2_MC4_P09_CS32	5.4079481049603615	0.007889046245548648	2301.0609138302207	0.8996842063675476	408.2325775639169
EXP2_MC4_P09_CS33	4.0057470321630335	0.09300799304167384	7422.863378577646	0.6025239569307754	818.1581347594947
EXP2_MC4_P12_CS02	4.601586008665499	0.02166912385509001	7116.752723881698	0.6765340094850305	947.2458306693167
EXP2_MC4_P12_CS03	4.043847028545209	0.02993250183134033	4804.350225974691	0.6547081488357775	519.5265898290558
EXP2_MC4_P12_CS06	7.256	0.0314	1650.4	1.19	434
EXP2_MC4_P12_CS07	2.017236654095014	0.4381612678279025	1797.5662377358813	0.3435032483207955	301.59101092512157
EXP2_MC4_P12_CS08	3.061	0.0728	520.0	0.754	58
EXP2_MC4_P12_CS09	3.45407957303675	0.06821978779370053	1644.5737842492297	0.6827028993224644	148.21099101237257
EXP2_MC4_P12_CS11	0.2658375493283034	0.9370195404002256	414.14113626569764	0.06120030246763575	77.39192498929324
EXP2_MC4_P12_CS12	0.3276792658960147	0.9280741809028523	928.6199385261202	0.0633414818039747	172.22716579124537
EXP2_MC4_P12_CS13	2.0866035914817287	0.22595148356221395	230.98417353824448	0.4361977605173408	117.8913626349797
EXP2_MC4_P12_CS14	3.4495270863136698	0.047919202953549345	851.130732758226	0.7077225260613549	130.54626420553407
EXP2_MC4_P12_CS15	3.469162979169081	0.04254597047773001	2754.0990091304407	0.5947519499007337	339.74383715698406
EXP2_MC4_P12_CS17	7.156114375830384	0.001067077126753376	2647.0019582700343	0.9554907697700391	2248.783375671671
EXP2_MC4_P12_CS18	5.164696494246286	0.0146978837444601	952.2920786430536	0.8041977033329344	746.6717877114751
EXP2_MC4_P12_CS19	4.075513241629746	0.025763613813247765	1181.7954507447516	0.7622951837851423	223.36527738603237
EXP2_MC4_P12_CS20	3.716729841096191	0.05227396030209164	1949.8742712865362	0.6584050301921046	297.4797594061472
EXP2_MC4_P12_CS21	3.5128868920963363	0.06773088528058924	635.8963198341684	0.7061854507804476	145.08963592105763
EXP2_MC4_P12_CS23	5.048962431717499	0.032983988618946025	2388.351876564081	0.8041433168632467	532.3536483801156
EXP2_MC4_P12_CS25	6.039604586534921	0.00410738137341317	1594.952367943868	0.9002287435277458	934.0503286320806
EXP2_MC4_P12_CS26	4.184831219465523	0.035625270793392616	4801.816405812324	0.6688261401800183	601.5676024287069
EXP2_MC4_P12_CS27	5.978712398434041	0.004005236464249268	1411.0956575261844	0.9150372599089001	745.0148753688736
EXP2_MC4_P12_CS28	2.934780880141872	0.16173698826472893	2057.80478872319	0.5290698269091213	253.081740979047
EXP2_MC4_P12_CS29	3.0648522584537403	0.1372366967335693	962.0407725529288	0.5913986594221716	170.9824777815104
EXP2_MC4_P12_CS30	4.348738190196224	0.0710525149199921	11553.479431861291	0.5796330446707009	1338.8099750508482
EXP2_MC4_P12_CS31	3.3492217885463056	0.11441568442283045	2165.418458757001	0.581387559007583	331.25312877977774
EXP2_MC4_P12_CS32	5.360868115020409	0.008831601985952564	2970.4013464526934	0.8731697887585765	478.0501294896431
EXP2_MC4_P12_CS33	6.85609803444666	0.0014658932670386115	822.9829382279011	0.9457529989038285	1707.830056068431
EXP3_KD_P13_CS01	3.3569180991389818	0.061223157431628136	2737.2832016243437	0.5812169834795886	333.1574190506118
EXP3_KD_P13_CS02	2.9721291718506837	0.09428045156804443	4117.60489588344	0.5203859120497452	317.3680917258987
EXP3_KD_P13_CS03	3.8347929584116587	0.045580936477260914	7106.4540077889	0.6502249965270179	390.7551132917383
EXP3_KD_P13_CS04	3.7967770974962	0.04216503097991444	4892.063745716363	0.6352470267957703	419.5914071677209
EXP3_KD_P13_CS05	2.7311146919799505	0.12265994409978687	2041.8535618412604	0.49980658074793616	239.94341919702936
EXP3_KD_P13_CS06	3.4652239397275473	0.04872617714075117	3184.687972604925	0.596215252120583	352.35225553315485
EXP3_KD_P13_CS07	4.126874010203298	0.03170272231544713	6140.230757832653	0.6883369171812432	455.1014619118312
EXP3_KD_P13_CS08	4.396960267320402	0.022145053664173964	8307.280518438794	0.7157209281274035	530.3258332680217
EXP3_KD_P13_CS09	3.072982811988089	0.13123341822784773	2773.106251860392	0.527610607236721	353.304281112445
EXP3_KD_P13_CS10	3.2034978104984635	0.06463167219679633	2507.2593491060697	0.5538151717339994	342.72085893898986
EXP3_KD_P13_CS11	3.0305810545657836	0.08116738248416677	3180.7293913420626	0.526257356076579	321.56839030263296
EXP3_KD_P13_CS12	4.279656718107762	0.02323601065906833	4804.987364941493	0.7155055679683221	429.9814713031538
EXP3_KD_P13_CS13	5.449819889137373	0.00673029406861847	6912.10797720131	0.841812646106454	692.9887829035758
EXP3_KD_P13_CS14	5.01890209315321	0.010980842350997277	7793.893900334502	0.78969595515394	615.5176494131317
EXP3_KD_P13_CS15	5.043331800934052	0.01232814354138434	9768.61073762191	0.7865687551410732	664.5940857365798
EXP3_KD_P13_CS16	4.08022170393108	0.03160781915841151	5901.045705712657	0.6748470885650564	462.12278980945916
EXP3_KD_P13_CS17	5.516174756400776	0.006484573848462127	11817.889652086624	0.829287116398028	821.5476368365628
EXP3_KD_P13_CS18	3.095595555467998	0.10434728766903822	4339.331510188869	0.5401251764852146	318.4129185874075
EXP3_KD_P13_CS19	3.694316994259662	0.04690072518308652	5473.887950120604	0.6262706308624104	378.41471124936686
EXP3_KD_P13_CS20	5.5529238488892005	0.005808653764631244	9104.380966286179	0.8508673848937862	725.7833714126596
EXP3_KD_P13_CS21	5.404855588913634	0.0068444108976905005	8780.790240975211	0.8405563093441022	653.2758348700354
EXP3_KD_P13_CS22	5.284223199994443	0.008050961795171951	5900.093522380542	0.8263997502985543	622.6255486994355
EXP3_KD_P13_CS23	5.380740340151458	0.007664335685729218	7653.260778243849	0.8308075814074648	694.7152498913877
EXP3_KD_P13_CS24	4.023686078974686	0.02909699471714655	7435.280742721726	0.6757704598686438	415.29656259964827
EXP3_KD_P13_CS25	3.8645731248180564	0.04969846275122469	3362.025034137509	0.6230110718392179	563.2866299761571
EXP3_KD_P13_CS26	4.377862884168213	0.023605601508525198	7575.365443096968	0.6876087091944555	657.9134645142472
EXP3_KD_P13_CS27	4.590564153667254	0.018030464502842958	9553.488394209331	0.7254636130893439	655.4357563243135
EXP3_KD_P13_CS28	4.9761574024438975	0.011471236402582408	15828.615693100603	0.7731393576977259	733.5159322526878
EXP3_KD_P13_CS29	4.732254340781073	0.01432766605259217	8122.665391245895	0.7530970778460803	612.5076254246516
EXP3_KD_P13_CS30	4.219810368269151	0.0281019785371196	8252.555243098854	0.6848806975419487	529.9846735767097
EXP3_KD_P13_CS31	4.04126678279123	0.043880688209878005	11755.197153493242	0.6426294151868311	600.5306297675714
EXP3_KD_P13_CS32	3.4324892856147873	0.05818810355339443	5444.701957918931	0.5675280768848655	440.8445022695471
EXP3_KD_P13_CS33	4.11946091237694	0.02984409123670262	7677.7840786453835	0.6415449665230563	671.1259506729556
EXP3_KD_P14_CS01	3.5263075382238775	0.05707543640134671	3976.019815276485	0.5590027330765357	537.0772150625542
EXP3_KD_P14_CS02	3.2739388440535016	0.07115523468591678	3679.595698120078	0.5343361747205525	428.98114778550513
EXP3_KD_P14_CS03	3.5383365253565846	0.05554957088977108	7482.272858865877	0.5576786379494499	548.3732789253027
EXP3_KD_P14_CS04	4.1457609139301645	0.03583029492524281	17338.49038522803	0.6541525391749038	634.1773235463411
EXP3_KD_P14_CS05	3.0106052668526235	0.12703714688582513	6872.165518190849	0.47979769020215235	508.29576884930697
EXP3_KD_P14_CS06	3.860111054945039	0.03765832960023885	8963.640006552108	0.6073153650574343	579.399958181809
EXP3_KD_P14_CS07	5.023593393841617	0.013690946595399822	11479.719539754835	0.7337594574288716	1013.4944366308657
EXP3_KD_P14_CS08	5.555	0.02	2333.3	0.938	373
EXP3_KD_P14_CS09	4.907	0.0248	3240.7	0.9	234
EXP3_KD_P14_CS10	4.065187521476474	0.03607819969579573	11911.88180405648	0.6102538858339649	351.76078079208924
EXP3_KD_P14_CS11	3.066	0.103	2188.4	0.632	128
EXP3_KD_P14_CS12	3.2149216779158554	0.0788061414485679	1409.7599527893276	0.5076208356294988	651.3292966652365
EXP3_KD_P14_CS13	4.41	0.0428	2777.0	0.803	243
EXP3_KD_P14_CS14	5.518	0.023	1345.9	0.979	281
EXP3_KD_P14_CS15	5.249	0.0234	1749.2	0.94	267
EXP3_KD_P14_CS16	5.002486854115811	0.010426428552253508	9993.549898878147	0.7720336064400009	761.7200514451346
EXP3_KD_P14_CS17	5.305345683942811	0.009285623691854039	12817.198704887409	0.7653027246157676	1159.925620618136
EXP3_KD_P14_CS18	2.6930956939469954	0.1479401200063487	2889.823922050195	0.455163978164893	373.41375485377307
EXP3_KD_P14_CS19	5.149643739702842	0.009209082168032179	16180.268419167744	0.7828871206138718	837.9429102752191
EXP3_KD_P14_CS20	5.400102591499183	0.007335016855215204	10847.557469691785	0.8072705871690128	933.5362700608728
EXP3_KD_P14_CS21	5.274561254754914	0.008648841936919172	15215.60620370084	0.7956029738010426	880.4017871427969
EXP3_KD_P14_CS22	4.985237529450613	0.012880392284028486	15495.736521893272	0.7492339034558138	886.815390915114
EXP3_KD_P14_CS23	4.763917855195355	0.01479608750723993	13776.17405962676	0.7422270485391581	709.6600895772116
EXP3_KD_P14_CS24	2.664089405602535	0.18641177319487345	4214.21079020849	0.4289000257463895	467.432650833549
EXP3_KD_P14_CS25	4.198924876315213	0.032533257279391825	15073.007265762952	0.6455978198599283	709.2973123717975
EXP3_KD_P14_CS26	4.989799425589974	0.01270203884366794	11109.981330859617	0.7462973381429492	981.2316718429263
EXP3_KD_P14_CS27	4.928317050061836	0.012441949087811377	10817.409363888035	0.7459509232951657	882.8724751928867
EXP3_KD_P14_CS28	4.92944582210541	0.01802637608024993	9314.750759649389	0.7175077345736584	871.4283552261794
EXP3_KD_P14_CS29	4.344921761434534	0.024254575713878346	11878.136345910483	0.673542778957905	736.0576281500419
EXP3_KD_P14_CS30	3.563329980907056	0.055602049731280134	4023.373734574038	0.5571559784402765	625.0962247161966
EXP3_KD_P14_CS31	4.005320698289677	0.0372081361127139	15011.380010923704	0.5978699212455583	766.9985386604883
EXP3_KD_P14_CS32	4.6018595926367	0.016052719708588792	14278.301464027774	0.7382571556032327	554.3639106847604
EXP3_KD_P14_CS33	4.333822737307097	0.022950203323831353	16855.253974704785	0.7020661667987141	520.681157313637
EXP3_SH_P15_CS01	5.526929421957121	0.008410326692923742	16991.447577339044	0.7543607232136731	1576.0097207928995
EXP3_SH_P15_CS02	5.569815502723081	0.009077532290590495	27303.749854176564	0.7461285336235396	1739.480883753658
EXP3_SH_P15_CS03	5.576963451312715	0.007895222443626504	16672.6306557781	0.761101987533106	1585.959249331938
EXP3_SH_P15_CS04	5.616364384738399	0.007755529523674531	20438.96281972516	0.7638931682001581	1688.9494034751483
EXP3_SH_P15_CS05	5.663293886034582	0.0069958210089896555	19498.102735656947	0.7740375197166844	1651.734362173164
EXP3_SH_P15_CS06	5.548041942759548	0.007656832282534332	28552.209749520058	0.761469723850261	1585.0294311105702
EXP3_SH_P15_CS07	5.5864478725471205	0.008642832144154733	10863.370545318541	0.7487854894542765	1825.5598908256177
EXP3_SH_P15_CS08	5.745416397079497	0.007585554730808686	20943.774932611872	0.7628613222816857	1940.3449975540593
EXP3_SH_P15_CS09	5.671062109978683	0.005933938691595642	16957.20063871838	0.8021772161059466	1298.0017513581674
EXP3_SH_P15_CS10	5.604819106372155	0.007225455297118266	17422.000929061847	0.7766260512396935	1473.791540916462
EXP3_SH_P15_CS11	5.690706961618593	0.005599385344013497	20055.411714641996	0.8109537387121053	1211.4320304191524
EXP3_SH_P15_CS12	5.6822936030166815	0.006006991128315375	12655.11969705305	0.8091542753774659	1273.308021621006
EXP3_SH_P15_CS13	5.741377101845485	0.0050242617795500655	13156.906342443439	0.8260941900858274	1161.642216549415
EXP3_SH_P15_CS14	5.624327552672266	0.00605225869273851	11437.212224082574	0.8054284142622068	1179.3241140788086
EXP3_SH_P15_CS15	5.627687536750599	0.006600032301426362	15459.073767216641	0.7874817625402253	1395.3951495294425
EXP3_SH_P15_CS16	5.67845307619395	0.0065537831651698575	18598.600706770296	0.7879220754187385	1515.8410682369586
EXP3_SH_P15_CS17	5.747653819920082	0.005997184973849934	16539.071272714278	0.793684263340322	1536.9512684284919
EXP3_SH_P15_CS18	5.620930811804566	0.006696557440782236	16169.466685610569	0.7883571680144735	1423.3870345498653
EXP3_SH_P15_CS19	5.7370659857997826	0.00535366562066697	13845.402057678497	0.8192113935634717	1242.5771064797236
EXP3_SH_P15_CS20	5.655625723867818	0.0058521789311470895	17330.646491788397	0.8069650255898458	1268.9884792638236
EXP3_SH_P15_CS21	5.627667000685163	0.006459087153483312	15294.395779909637	0.813793139925073	1160.1276048497814
EXP3_SH_P15_CS22	5.62584637026374	0.006154084069923127	17570.562421361592	0.8018493689802118	1255.283579377942
EXP3_SH_P15_CS23	5.586050861726628	0.007083712582361845	17925.29391108802	0.7820888824406275	1418.9405278620682
EXP3_SH_P15_CS24	5.648865513920693	0.006144744530188873	12773.505469033389	0.8031099135767005	1309.3255194155238
EXP3_SH_P15_CS25	5.610753971739477	0.008335682841763004	20310.97262819271	0.7532312414291089	1834.6820732458611
EXP3_SH_P15_CS26	5.7671436470217206	0.007048299054502771	22325.89946539419	0.7654184684545271	1849.5225176370186
EXP3_SH_P15_CS27	5.614265497940262	0.0074939933397750735	17537.37388495018	0.7683011283368836	1679.6576234772676
EXP3_SH_P15_CS28	5.546560534248536	0.009062839818679502	20820.960376453175	0.7503755870477636	1770.3848685604853
EXP3_SH_P15_CS29	5.579045255012755	0.007985367907831775	18974.747013351156	0.759211852539204	1702.4490543566255
EXP3_SH_P15_CS30	5.661756055929365	0.007685747763910067	19520.638139524835	0.7665115729144605	1773.840202078171
EXP3_SH_P15_CS31	5.663439908178436	0.007582694109909638	24651.772440661174	0.7588504816763152	1820.2230952284203
EXP3_SH_P15_CS32	5.54268651270597	0.009521442834102833	23118.716812305775	0.7398020614808535	1812.584263235941
EXP3_SH_P15_CS33	5.762622876164404	0.005014773554266827	12032.288772362705	0.8304415135647467	1126.2640004872096
EXP3_SH_P18_CS01	5.693663498011723	0.005543426616761438	14900.651448454726	0.8150765803113971	1228.5283112347774
EXP3_SH_P18_CS02	5.71083624858732	0.005163585819112582	12393.851899918445	0.8351182470252603	1056.545991702812
EXP3_SH_P18_CS03	5.716705724820173	0.005215737425264155	11483.255413371387	0.8317105097780082	1071.823398556914
EXP3_SH_P18_CS04	5.71505363193198	0.00503451146247591	11139.31502630831	0.8409392441332821	971.1468630613587
EXP3_SH_P18_CS05	5.718734717921549	0.005373866740787436	8876.124954778132	0.8398861383097208	971.1986069094586
EXP3_SH_P18_CS06	5.598787657407307	0.006280635729324913	10517.729641263939	0.8147567105861689	1114.0310368255748
EXP3_SH_P18_CS07	5.63820939415198	0.00615696690409584	12060.637636555497	0.8085772705659751	1199.9452682744986
EXP3_SH_P18_CS08	5.71382986305481	0.005321446819138598	11516.449917671594	0.8204650658855086	1205.3731086293285
EXP3_SH_P18_CS09	5.454136725542685	0.007486193855170797	9020.227369829416	0.78034629495271	1249.6444744957064
EXP3_SH_P18_CS10	5.611755607943103	0.006299008950514384	11171.771039517393	0.7995732474253772	1243.997263310713
EXP3_SH_P18_CS11	5.664627724100907	0.005829982552527757	12505.266769100175	0.8018606354337351	1307.4307099137968
EXP3_SH_P18_CS12	5.6896542887897805	0.005434617915981876	12669.062836624202	0.819813243313626	1145.939996201885
EXP3_SH_P18_CS13	5.768033156278385	0.005127654361515965	9462.129021396328	0.8266079630428921	1197.876923007154
EXP3_SH_P18_CS14	5.579449437806015	0.00697458532384565	11667.781247281844	0.7860618113290572	1392.452513220958
EXP3_SH_P18_CS15	5.617232271613641	0.006554587619143182	11996.126640971717	0.7914439614380199	1350.5782132106797
EXP3_SH_P18_CS16	5.9153474277395475	0.003933574343052637	8587.431596637225	0.8685194959692889	961.3357731800793
EXP3_SH_P18_CS17	5.837541486354848	0.004599756207394723	11234.576372066278	0.8381402752347671	1135.1787235384556
EXP3_SH_P18_CS18	5.847397367955409	0.004252828267670039	8467.56498295222	0.8623247973261909	931.0389730785039
EXP3_SH_P18_CS19	5.811550442748377	0.00458357401379883	8710.547002342228	0.8594977601744836	925.4940681590683
EXP3_SH_P18_CS20	5.826802554868422	0.004241301320115798	9211.797983724176	0.8670015547384073	876.0254798019807
EXP3_SH_P18_CS21	5.79454747692559	0.00431384539124513	7845.611985929622	0.8666109601616314	855.5018777457315
EXP3_SH_P18_CS22	5.697698181290214	0.0054916375629946446	8985.25544255675	0.8417870173305939	942.0320400513531
EXP3_SH_P18_CS23	5.729847838849835	0.005102693118011148	12209.438956762566	0.8415923246980244	976.0346359545317
EXP3_SH_P18_CS24	5.600552260804317	0.006646115700866484	13195.835915937947	0.8049228253977481	1203.6930365547842
EXP3_SH_P18_CS25	5.510384694107275	0.007414212834418676	16731.976361770794	0.7766753168992548	1329.4052913054707
EXP3_SH_P18_CS26	5.699499213209952	0.005232298437027549	16064.269903731452	0.8282865632106183	1119.0012982105536
EXP3_SH_P18_CS27	5.620529541477923	0.005969981266688573	20469.849179231845	0.8089288664668841	1173.5512567241312
EXP3_SH_P18_CS28	5.682829045201384	0.005456289211841603	11071.182719948016	0.8326066584298109	1059.0552872171909
EXP3_SH_P18_CS29	5.635024262417339	0.00605690445411966	15015.046247884155	0.8032384557736505	1247.0356305585606
EXP3_SH_P18_CS30	5.565383890422192	0.007253961107958173	20516.84195681422	0.7856039980347982	1358.3407859132083
EXP3_SH_P18_CS31	5.583852723192912	0.006189498172760488	14190.65364009106	0.8019099544002173	1201.5804129042824
EXP3_SH_P18_CS32	5.814576678724954	0.004492098307228298	10883.881792732478	0.85583095030242	969.3166805532662
EXP3_SH_P18_CS33	5.560084089000142	0.0060125118551574985	10440.434282687476	0.8218919572587132	970.1629319197566
EXP3_WT_P16_CS01	3.3213375800865217	0.0700876431719698	5592.9398974671585	0.5346678016535341	503.53919529556504
EXP3_WT_P16_CS02	3.95380264811964	0.03290994138602876	7658.374492853316	0.6440773428881018	556.6252906154849
EXP3_WT_P16_CS03	4.100197351237652	0.05478723971831667	9008.491525566058	0.6540050296624798	618.8678669714657
EXP3_WT_P16_CS04	4.063956931409086	0.038304997808322305	11878.307796663117	0.6614312184816518	533.9574475085459
EXP3_WT_P16_CS05	4.160846724565917	0.025416834450442627	18667.09092562563	0.6724935527482865	550.6256984671011
EXP3_WT_P16_CS06	3.350859655676883	0.054733304451642595	4777.732525253633	0.5558698459455885	436.790610446231
EXP3_WT_P16_CS07	4.092916396413049	0.06510464190201004	6131.154753312673	0.6052106530024253	681.9721358832251
EXP3_WT_P16_CS08	5.296882840509651	0.008656070378226799	11499.751836258194	0.7772464269420019	1143.2593325305074
EXP3_WT_P16_CS09	4.975889074726873	0.012772214758874578	11290.388088346956	0.7562703073650561	372.2280959297668
EXP3_WT_P16_CS10	3.521	0.0741	1613.7	0.71	142
EXP3_WT_P16_CS11	4.3455038835207915	0.01992072990339655	8989.160711702816	0.689837741234397	707.9120221138785
EXP3_WT_P16_CS12	3.499	0.0626	1459.3	0.72	129
EXP3_WT_P16_CS13	3.1477169299384045	0.22220526483847858	5959.527732832963	0.47701481504294396	785.8293220503482
EXP3_WT_P16_CS14	5.7674733935770846	0.010629880742491049	35630.70665566595	0.7341169970671094	2336.2808855213743
EXP3_WT_P16_CS15	5.478	0.0257	3782.8	0.936	347
EXP3_WT_P16_CS16	5.024	0.0186	3369.3	0.909	252
EXP3_WT_P16_CS17	5.718197833328814	0.006107447207433614	21350.422626260755	0.7920415709463204	1549.4518414774097
EXP3_WT_P16_CS18	2.238789468741836	0.36924279331317944	3603.903821076273	0.36044656887943477	481.3223147874744
EXP3_WT_P16_CS19	3.6449961755277887	0.0391287970421067	8569.276732873104	0.5873221133471117	510.75643260100696
EXP3_WT_P16_CS20	5.573328367874845	0.008442462099601755	17166.71156396007	0.8192904152304679	1035.0251649712172
EXP3_WT_P16_CS21	5.52991312499959	0.007928644238885618	7208.379650443371	0.8306110843354835	877.0321655814466
EXP3_WT_P16_CS22	5.751709184179633	0.004616390420219774	14926.008866777214	0.8443576001317189	1059.5526219589483
EXP3_WT_P16_CS23	5.644427435889791	0.0053341283088294	14190.996287823986	0.8314359634619334	1069.1208939752669
EXP3_WT_P16_CS24	4.1483423128526455	0.0251966843092144	6734.055972182818	0.6494361458545308	616.1349383243695
EXP3_WT_P16_CS25	3.8704534896596656	0.03576116952024577	9987.755399035688	0.6231295618733281	525.4637127041508
EXP3_WT_P16_CS26	4.612745243063241	0.014308167398285665	12572.104518635188	0.7264872423981146	703.7637722609259
EXP3_WT_P16_CS27	4.737133048902362	0.013455310998468861	21248.699087906312	0.7229973882265209	829.7440295323448
EXP3_WT_P16_CS28	4.5315461571747235	0.018626157724595416	9053.8975613581	0.6628702551140293	942.9246232365589
EXP3_WT_P16_CS29	4.460915011453945	0.018838823592844056	8197.716367120312	0.6718485535592945	830.2872834699594
EXP3_WT_P16_CS30	4.134991499771476	0.025884227131345194	8961.668467796853	0.6430817962850299	641.576120554429
EXP3_WT_P16_CS31	2.2143871683994076	0.4467355539891512	1413.4050662431275	0.34395448395350525	467.15244808131206
EXP3_WT_P16_CS32	3.94182443448558	0.03435201778330965	4099.867595891589	0.5935633568287678	739.245292049052
EXP3_WT_P16_CS33	4.328827927027424	0.025147447349972207	14771.391275913998	0.6330957568245842	961.1116817731131
EXP3_WT_P17_CS01	4.486361109415924	0.024247112741911714	20853.603096526054	0.6611643805772073	715.3557826195555
EXP3_WT_P17_CS02	4.908775557868131	0.011257970468486422	11844.366447124601	0.7420075486403093	859.7631709177765
EXP3_WT_P17_CS03	2.138217868879335	0.44851542631097774	5332.506977953021	0.34782825194893513	506.96118253645466
EXP3_WT_P17_CS04	4.64724016550957	0.022524474299615238	15006.951145728848	0.718781349524698	774.8534435090747
EXP3_WT_P17_CS05	4.549834486458515	0.016229160353019245	17253.73523985841	0.708542707940327	749.8990329966332
EXP3_WT_P17_CS06	4.635672813282742	0.01610346831468812	9637.439732938537	0.7011392704895922	766.2063168358789
EXP3_WT_P17_CS07	5.252427251334871	0.008763633832291062	13704.71625511347	0.7860716177781641	1064.0048547616104
EXP3_WT_P17_CS08	4.674222674473194	0.016493230455716157	8937.126197227717	0.7237500008175962	707.7110812756154
EXP3_WT_P17_CS09	5.412333894914113	0.006934888113545923	11563.521322283934	0.821685973634762	877.8422417352932
EXP3_WT_P17_CS10	5.24349808876145	0.007841536951596728	19325.025964472567	0.8034969708594529	785.8600582390354
EXP3_WT_P17_CS11	3.2137328444290025	0.06885207803897775	3958.219617276431	0.5212897901377479	464.7186271692813
EXP3_WT_P17_CS12	3.828354498212141	0.045845368986818125	6348.806392933088	0.6196222617102966	510.9399465600286
EXP3_WT_P17_CS13	5.699616383274849	0.0048701325390362316	18289.278614230305	0.8485392755524623	936.5926663413106
EXP3_WT_P17_CS14	5.637690133573878	0.005983791201947586	15570.796203940732	0.8046125569399538	1293.622798889374
EXP3_WT_P17_CS15	5.299744138897859	0.022679335231283182	13488.528792275847	0.7710262877923636	1128.4971870998288
EXP3_WT_P17_CS16	4.615928150483853	0.024847878958740556	8194.127178293558	0.718102149960049	668.5044242755371
EXP3_WT_P17_CS17	5.705007371043802	0.00599006791420853	20365.85262906699	0.7955454254186332	1425.8393140155513
EXP3_WT_P17_CS18	3.2532008308591482	0.06682004810042286	4649.206346764094	0.5490932144305946	383.677231091356
EXP3_WT_P17_CS19	5.393888856726068	0.006137559692332983	16387.137318250505	0.8375922044839684	691.2925623385903
EXP3_WT_P17_CS20	5.794406616524263	0.004742514038984513	10789.892924197171	0.8551580906177383	942.9666457847864
EXP3_WT_P17_CS21	5.884220155888475	0.004306971864068143	12652.964247759728	0.855386541389203	1061.192673940105
EXP3_WT_P17_CS22	5.105461386133186	0.013115874641844494	14497.131583339613	0.764076959129451	878.2056466355025
EXP3_WT_P17_CS23	4.72675732360787	0.013800369757457909	9337.348217833396	0.7257596926815308	708.6855580679467
EXP3_WT_P17_CS24	3.949839759648463	0.029555386672839523	18478.681213635122	0.6491046117586728	508.2679296937449
EXP3_WT_P17_CS25	0.9988967864507272	0.7099210156996901	1507.0725853488805	0.17645700815373522	254.56256824696897
EXP3_WT_P17_CS26	4.407321128967655	0.02158533606578783	3796.1060968818347	0.6421252294591336	946.5500325572478
EXP3_WT_P17_CS27	3.7411606686565304	0.04480272936927243	8721.101276455585	0.5590297409906785	753.2045323188526
EXP3_WT_P17_CS28	4.310275718727981	0.022284549064762516	5647.27006883803	0.647077712093129	806.4907299963766
EXP3_WT_P17_CS29	5.064583624338003	0.00914706212969918	12127.4560836095	0.7768542427554062	757.787791481438
EXP3_WT_P17_CS30	3.119791333169114	0.10072753995335737	2931.7370511553654	0.5184183445520752	424.84982296240725
EXP3_WT_P17_CS31	4.070990095834496	0.028868447281005905	3418.3161985232655	0.6361058553169492	645.7425916689893
EXP3_WT_P17_CS32	4.234610926543553	0.03677573744232898	5281.632576754703	0.6701451741696868	592.907871425545
EXP3_WT_P17_CS33	4.035676464235999	0.028440440337318292	7192.145022983094	0.6311195640470973	605.274690239931
EXP4_KD_P21_CS01	1.3910843451636818	0.3465352808720452	519.2751481499504	0.3131894762492748	81.87848887154914
EXP4_KD_P21_CS02	0.9713317579348371	0.6024227596982676	205.4510009285726	0.2452939330693118	51.57176656304448
EXP4_KD_P21_CS03	0.4528757151873625	0.8416863993818284	120.9665368150038	0.12382320181519624	38.400059372195
EXP4_KD_P21_CS04	1.0611144423750654	0.6649212233239401	240.1808310722341	0.23950393489580557	83.16620783014378
EXP4_KD_P21_CS05	0.8499064375400059	0.6294629015370781	175.33379282788374	0.23903708379165178	34.54879329245294
EXP4_KD_P21_CS06	1.515	0.339	110.3	0.417	38
EXP4_KD_P21_CS07	0.8195984088418287	0.7226764197973572	305.7387793282635	0.18669700283997315	81.02687339684675
EXP4_KD_P21_CS08	0.734244935232117	0.7550704997145158	281.86128993686225	0.16751215316905355	83.72560598124139
EXP4_KD_P21_CS09	0.8968155094239512	0.603518219315248	310.8934006283973	0.21819452384697047	60.41562183176198
EXP4_KD_P21_CS10	1.549820596644	0.337545579091285	498.76747996895006	0.3676737948546438	67.60958193232639
EXP4_KD_P21_CS11	0.9520714755272117	0.54953198746024	429.7210859827463	0.23016910669319124	62.09671147096927
EXP4_KD_P21_CS12	3.3189019946709735	0.08416318089770403	941.2759872477077	0.628518683827838	211.79263958011882
EXP4_KD_P21_CS13	1.1313427028686698	0.6600659866894368	689.2835079458322	0.23074376745747494	132.9741132920131
EXP4_KD_P21_CS14	2.9357990167559724	0.0976190839143859	591.1175909608459	0.5920134980773117	137.5825166991858
EXP4_KD_P21_CS15	1.1330750273272914	0.5296197961767757	534.5265073537649	0.2607122142881809	77.4155273434807
EXP4_KD_P21_CS16	2.4507327895687676	0.14706231792565005	1356.4398440256844	0.47147812052308224	219.08891301373814
EXP4_KD_P21_CS17	5.6595061787662075	0.006865541568084499	1777.331689099961	0.8545675250471477	786.4449945877768
EXP4_KD_P21_CS18	3.8306650790719172	0.0439628000908282	2557.2096104167817	0.6725285920989965	413.67329749501096
EXP4_KD_P21_CS19	1.8911483087778307	0.516090592582648	1166.340448340666	0.33810441688533144	277.1658958229613
EXP4_KD_P21_CS20	4.016468723606105	0.029313292858715756	1597.510855785977	0.724382960117909	248.40233249391883
EXP4_KD_P21_CS21	4.095514695865816	0.03644909015211861	885.3024022875924	0.703244864458569	338.6610336567698
EXP4_KD_P21_CS22	2.3770434294529394	0.2586365590512887	805.5220507247121	0.4524266017096228	191.4792554165407
EXP4_KD_P21_CS23	0.49462742083007116	0.8606219275586221	717.1583869159066	0.10542936549709675	108.38868019227084
EXP4_KD_P21_CS24	2.5586428848046894	0.23695072025507324	1312.4521209733548	0.4789676348362928	205.43851764322147
EXP4_KD_P21_CS25	3.855577817172538	0.08074596781640886	3408.7150998006096	0.6498269460455665	359.48116698501184
EXP4_KD_P21_CS26	1.7046578153868954	0.37436891791184124	929.3949063366479	0.3346753079237812	161.7641832449265
EXP4_KD_P21_CS27	1.7401721114012996	0.3563563482105225	572.2209019154265	0.35700178194821	128.9157095377863
EXP4_KD_P21_CS28	0.4010850000662874	0.8971141955629195	487.0893933052421	0.08952416261496332	88.88129695134586
EXP4_KD_P21_CS29	1.069370150387078	0.6231265436120385	782.2087777277934	0.22898094108565914	105.93621192156573
EXP4_KD_P21_CS30	4.6949401701350055	0.01653699979083767	3920.1409217748533	0.7961818178197861	355.6036685326881
EXP4_KD_P21_CS31	2.2626356607400595	0.3982600581612883	1224.541025355193	0.4158754246379319	224.52087057446738
EXP4_KD_P21_CS32	1.1355772144500342	0.692621178116573	640.0776714712118	0.22428775435590498	155.27776122600773
EXP4_KD_P21_CS33	0.36743825114514406	0.9083060379424317	314.53348736078516	0.08169979396865112	90.54059873013492
EXP4_KD_P22_CS01	1.1052238948402038	0.4782741028515544	513.4104563232263	0.2440697501615674	93.34092103861101
EXP4_KD_P22_CS02	3.090154065900652	0.1071143666460822	2234.0586872357517	0.5722301069944804	213.1947762629075
EXP4_KD_P22_CS03	1.8988688152972149	0.2525564393849258	607.1326257964047	0.3996155646656798	114.5933807551086
EXP4_KD_P22_CS04	0.29175703434937006	0.9268585171220217	349.5834574290992	0.06697250000378607	79.47993789580988
EXP4_KD_P22_CS05	1.930793140000907	0.2471445152652788	503.3196270603244	0.411586014681665	106.85203653277637
EXP4_KD_P22_CS06	2.342609886650268	0.24844745619636666	859.6758151733906	0.46464258184973534	151.3895593272332
EXP4_KD_P22_CS07	3.9199972252969744	0.04701607582539835	1940.8734243614078	0.6904131525845882	280.8747228211374
EXP4_KD_P22_CS08	1.3644139562517217	0.5665592360238185	779.9603542045095	0.27389989871695697	144.56056746045425
EXP4_KD_P22_CS09	0.8350185956049486	0.7402404463221693	596.1304818901226	0.1726479167612177	126.09316678345226
EXP4_KD_P22_CS10	2.6505764208294007	0.12748047807678675	527.475304703257	0.5348623386172686	137.98605665824758
EXP4_KD_P22_CS11	1.2039852766763537	0.5448718194529902	484.3217001567124	0.2542986000649404	113.59399830707747
EXP4_KD_P22_CS12	3.6051872109139254	0.05473581851560383	909.708243317163	0.6522673425540286	244.03359486347983
EXP4_KD_P22_CS13	3.61264132393908	0.06402387501259899	1372.0326638414545	0.6407809376785354	272.1517847356283
EXP4_KD_P22_CS14	2.703663456199548	0.17339834305067603	1119.7944890860933	0.5088668030918516	198.86858143697103
EXP4_KD_P22_CS15	0.9673365199148765	0.6688020362280863	508.9285074773688	0.20321229389983964	117.32452020912207
EXP4_KD_P22_CS16	1.6941498328838285	0.3938839376353502	1282.7881464503603	0.32209923295244935	190.75981034384458
EXP4_KD_P22_CS17	5.635135501233066	0.005793879322959383	6295.3129041256725	0.8551715459751573	718.7214855467053
EXP4_KD_P22_CS18	1.166095273128933	0.42662736048955097	887.044055828505	0.23711004884567943	137.67339339052953
EXP4_KD_P22_CS19	3.3432609697784876	0.07349062932563544	2243.449333998549	0.5987944466491694	264.08981529991377
EXP4_KD_P22_CS20	3.9056550631056552	0.05226807644859077	4787.757396523315	0.657884744132373	370.8163978706357
EXP4_KD_P22_CS21	3.128959874029597	0.09677536842397172	1835.6790942096936	0.5530652186797436	284.0604318602002
EXP4_KD_P22_CS22	1.382833528040655	0.44896545499889967	1373.9011209384075	0.27102358907111435	162.32218338751244
EXP4_KD_P22_CS23	1.2688227447482134	0.5071812943723282	1257.1999682279957	0.2579754347686109	135.76162663401658
EXP4_KD_P22_CS24	0.26562751116557715	0.9355248561800302	318.2104096796861	0.06066010455934734	84.5570559101039
EXP4_KD_P22_CS25	1.981353087994818	0.2369967496675437	572.1378823212594	0.4084155347894643	124.35851021646323
EXP4_KD_P22_CS26	1.9379173221309536	0.28042512917919526	452.085428581561	0.3861202984346242	150.5246091768748
EXP4_KD_P22_CS27	2.3027680588435615	0.26321194454679364	1958.7153832278468	0.4167926700614763	246.83318464805106
EXP4_KD_P22_CS28	1.6431869075029741	0.4101161983088817	634.5352777400009	0.32465035266240627	155.5487551180526
EXP4_KD_P22_CS29	0.2911361109848749	0.9274681443185069	265.8253757265278	0.06751370019315894	76.5754309750056
EXP4_KD_P22_CS30	3.5910081965208036	0.048208393363402435	1594.3495429866998	0.6734852159614739	200.95306989411816
EXP4_KD_P22_CS31	4.314589665467956	0.046083668419785284	4264.996278578035	0.7314868429398036	349.72880967751814
EXP4_KD_P22_CS32	4.536335085506863	0.03673327362400369	4407.4288094421745	0.7309038843798479	515.2188373494753
EXP4_KD_P22_CS33	0.5306872949471058	0.81944088014095	268.51257983753874	0.11868391817542145	101.64143684549654
EXP4_WT_P19_CS01	0.2651149994521663	0.9243175952284094	119.9509135524567	0.07096627594798754	44.62615618638841
EXP4_WT_P19_CS02	0.20393047270462716	0.9368273912399172	45.54105506848405	0.07207224304727888	16.90361332634928
EXP4_WT_P19_CS03	0.38955976428053407	0.8618229619663395	70.63628651865926	0.12725013480217995	21.0236306802096
EXP4_WT_P19_CS04	0.2078845094726296	0.9367082730902617	35.57462930009696	0.07577283913655497	14.981545512784711
EXP4_WT_P19_CS06	0.5655025590509556	0.7780297130806424	62.823617026915706	0.17142961102549847	26.72655334725249
EXP4_WT_P19_CS08	0.5590010414337336	0.8137270260169212	272.9254503370973	0.1428303837091055	63.84260639547503
EXP4_WT_P19_CS09	0.29276448243847286	0.9158649018891496	325.96050181417166	0.07420478859145252	54.2651477516567
EXP4_WT_P19_CS11	0.7847256261478801	0.6180384786238428	171.542227090485	0.1960394653329416	56.910467262128684
EXP4_WT_P19_CS12	2.098339309430701	0.21164458845183565	401.86817374879865	0.45365164575068734	99.91119731192872
EXP4_WT_P19_CS13	3.0947785968423345	0.08134807448089887	836.8210517662899	0.6031424372797052	165.39815107469633
EXP4_WT_P19_CS17	6.421331162449235	0.00235794451714344	2669.107023203176	0.9369177075750049	985.1901090929365
EXP4_WT_P19_CS18	0.8185628336272504	0.7484917255175072	813.2075408760466	0.17052911372362645	121.28073977962839
EXP4_WT_P19_CS19	0.9296790477795474	0.5560715058900225	439.5385492351202	0.20656202642369093	103.86690797772464
EXP4_WT_P19_CS20	4.384933084294943	0.03409670960754563	901.3647986562747	0.7220154626902409	465.89377265082936
EXP4_WT_P19_CS21	4.401120349021298	0.03855532099719705	1321.318071155769	0.7177242567404001	488.64869766644694
EXP4_WT_P19_CS22	2.5254873442169936	0.1649312555747975	4047.3956344571366	0.4808014917493162	205.75463796758189
EXP4_WT_P19_CS24	2.308400031774979	0.250525171548563	1794.9995959698936	0.43037842986182456	226.47763732523865
EXP4_WT_P19_CS25	1.3984794927702302	0.3804431359070396	1366.3051542815647	0.2858822591312433	131.99479746446553
EXP4_WT_P19_CS26	2.5670507006314613	0.20590014372450816	1084.714493942296	0.4689668382891811	235.64901724977665
EXP4_WT_P19_CS28	0.7766574291601979	0.6195112342385136	383.27147460213075	0.18126290759107477	78.83819508048637
EXP4_WT_P19_CS29	0.6802844590276322	0.6542698445178426	329.5137490227361	0.16321272952672927	74.60401080929087
EXP4_WT_P19_CS30	1.321737429516523	0.39059428220635123	498.47782411711376	0.2894509181143332	99.1514721866981
EXP4_WT_P19_CS31	4.724334649992315	0.0584404699207931	2243.455775724779	0.7444641036717285	584.8169160314717
EXP4_WT_P19_CS32	5.113453144721575	0.0689279032640161	2619.9277020127975	0.7609861299144439	899.9701262934173
EXP4_WT_P19_CS33	3.1158281742414036	0.09065300942483223	1554.2580282350004	0.5804807037830121	323.0566924502883
EXP4_WT_P20_CS01	1.574501872035012	0.3164806275989337	196.62703919507075	0.3590354137527013	79.16566217295482
EXP4_WT_P20_CS02	0.24644675649891168	0.9374267891421522	227.68050167918756	0.06394939729332261	47.19427940369891
EXP4_WT_P20_CS03	1.0263682447468352	0.5305967289233837	261.81970229063614	0.23629897913764963	77.09406807092152
EXP4_WT_P20_CS04	0.2393263237287705	0.9396817644257986	113.618499073161	0.06044516252345633	54.071614722591164
EXP4_WT_P20_CS05	1.1475287860243826	0.5175828801346383	158.81969502609073	0.28316957617244887	57.11279985386278
EXP4_WT_P20_CS06	1.724769014461324	0.30137361556789444	432.04256840468304	0.39069403420911847	80.78603870563381
EXP4_WT_P20_CS07	2.0198027383943553	0.2175897538771545	267.7880409592321	0.4366294092688888	101.47129999153364
EXP4_WT_P20_CS08	1.7194635537263219	0.2946402751684014	695.8992672865356	0.34717274891246575	144.8752405247627
EXP4_WT_P20_CS09	2.5066161168654686	0.1641965723903951	1056.801211488345	0.48292074097297366	178.26010602662654
EXP4_WT_P20_CS10	1.6299734286526593	0.30694954002924446	435.56192138577796	0.34494217179619335	118.02218525150249
EXP4_WT_P20_CS11	3.757904871173151	0.05519151165862479	4257.297869471556	0.6189527210250065	472.61889643742575
EXP4_WT_P20_CS12	4.9554625273251105	0.015090964556304653	6276.5165067704465	0.8099581969900118	440.6796240301951
EXP4_WT_P20_CS13	2.615651429335638	0.23188640183062714	999.2594285836541	0.48965868367900944	205.5067441488169
EXP4_WT_P20_CS14	4.947710298847227	0.023154419303203277	2522.3372857539207	0.7880161396150842	532.7696032551723
EXP4_WT_P20_CS15	3.1672963548118958	0.2202943064756957	2632.8705489961403	0.5125741139966371	491.84360141712733
EXP4_WT_P20_CS16	2.699868682931805	0.12096262627590948	1001.5416454853632	0.5079047697851768	200.31287553294663
EXP4_WT_P20_CS17	6.582088099514806	0.001994058495775386	2037.7751428989393	0.9391840006314588	1159.9586601366932
EXP4_WT_P20_CS18	4.775345754518197	0.01542527869542476	5054.838421740108	0.7669219508546385	654.6567647902411
EXP4_WT_P20_CS19	3.7671559530959016	0.0949271123344334	3586.488186871284	0.6461531826157416	359.1552568150466
EXP4_WT_P20_CS20	2.2693408630191527	0.3307894814895882	2277.2450199940354	0.3919949687162369	329.95606391843205
EXP4_WT_P20_CS21	4.832584935903128	0.021369086443508767	2350.743017281559	0.7694546844621233	534.5917919637127
EXP4_WT_P20_CS22	2.263648049470575	0.23804599642124913	1918.176333668218	0.3969464346296501	296.65162593206054
EXP4_WT_P20_CS23	2.5486960489562516	0.11308212716969301	1808.0221504859578	0.47590986081918124	210.49417326923881
EXP4_WT_P20_CS25	3.878141279725617	0.04077778128157483	2433.4401904998467	0.7301165902002837	238.50968537849602
EXP4_WT_P20_CS26	1.365279596761404	0.6171379615759365	635.4071574501843	0.25939413851128845	206.04578791186663
EXP4_WT_P20_CS27	5.35419748705975	0.010001890792322499	1637.0097178676263	0.848535301237485	564.8722212344322
EXP4_WT_P20_CS28	3.562873486836679	0.22409404723746051	1720.5991047960867	0.5713504069629541	549.4660373526283
EXP4_WT_P20_CS29	0.5311820062026334	0.8382285204727207	450.5139933011637	0.12030965847681663	84.82039493147374
EXP4_WT_P20_CS30	2.6789522554871468	0.2943098400614569	740.3556893354676	0.5117968232443482	190.8620669262475
EXP4_WT_P20_CS32	4.6942832435242074	0.018719724895156276	6052.6561750713	0.8195618404130112	349.4507015667285
EXP4_WT_P20_CS33	2.9392371443868797	0.172446709552869	1196.897291992057	0.5022973175788024	363.98024070386623
EXP5_KD_P25_CS03	2.06025297746432	0.17492315618816967	362.22883200655906	0.4575022815275949	89.98145343698343
EXP5_KD_P25_CS04	1.0217116615356152	0.676453807715458	152.9819823346331	0.19003327551079718	101.87463517808976
EXP5_KD_P25_CS05	0.2761112400300537	0.915358078309523	173.20168543551853	0.07023755811659893	51.283823333156526
EXP5_KD_P25_CS06	0.8438740038643887	0.5118319556844007	189.31853335113064	0.21095990577507773	56.29844410686641
EXP5_KD_P25_CS07	2.6294081137943257	0.1316391445973808	468.96408371369	0.5496293124645255	117.44790962845393
EXP5_KD_P25_CS08	3.1469007019504085	0.07597373726532852	529.1066679615984	0.6121887496086766	166.32500447997032
EXP5_KD_P25_CS09	1.986477975430844	0.23649041530472448	356.4464392606453	0.4217687763956161	109.7543508943993
EXP5_KD_P25_CS10	1.7242425250442128	0.25164072318920083	325.93882328557976	0.3754011843903768	97.40168547428772
EXP5_KD_P25_CS11	0.6543591936397757	0.7931437288127124	232.5284532421792	0.14678296596146923	89.5509973201706
EXP5_KD_P25_CS12	2.0001791812732157	0.1878277207722956	326.11431262500787	0.4478881373639755	85.5051894180472
EXP5_KD_P25_CS13	2.9974094843027155	0.07185583576916277	1358.3636910122186	0.6190724288541606	123.68169987059802
EXP5_KD_P25_CS14	3.1683507271874967	0.07777660901325223	722.7265626952827	0.601845303942464	188.2820778259446
EXP5_KD_P25_CS15	2.7006737194010872	0.13271348045739761	2267.0756045417993	0.5337859222404373	151.60551066282792
EXP5_KD_P25_CS16	2.736996332074445	0.10645002482126731	812.4409210653482	0.5536219707802843	136.98204689410372
EXP5_KD_P25_CS17	5.84783178161976	0.0049688427251377565	2815.2264261073515	0.8829217897743917	741.900598786917
EXP5_KD_P25_CS18	0.9006406896880009	0.6516571793921222	581.2791177441989	0.1950802248200435	100.16127823307156
EXP5_KD_P25_CS19	1.6822606238604467	0.4774083231977394	1426.161458370384	0.3325776029478918	168.3895884054967
EXP5_KD_P25_CS20	1.8609668609274022	0.22141081355207826	530.2525016849236	0.39621971726688815	108.8911566640426
EXP5_KD_P25_CS21	2.957300621826354	0.12540647897781065	796.0317542125257	0.5865989076286716	149.36602593372092
EXP5_KD_P25_CS22	0.8915537031729676	0.5851809082960673	423.1054221788444	0.19875724068182532	90.62919889085225
EXP5_KD_P25_CS23	2.095772759289906	0.2181318980443836	913.5660585387843	0.43668776766490414	118.66905587064696
EXP5_KD_P25_CS24	0.2812373410726321	0.9314115920900715	445.089030576176	0.06142436031823806	95.6823226138984
EXP5_KD_P25_CS25	2.1010149214740745	0.220487949369935	1045.2070842102225	0.3849004726740841	99.7323922922268
EXP5_KD_P25_CS26	1.7269660287050246	0.2658460056979023	311.26222516634874	0.3942785563186969	78.57886388495146
EXP5_KD_P25_CS28	1.5342650727054745	0.344693648679016	377.70460804711706	0.34027360190114053	89.46522210357293
EXP5_KD_P25_CS29	1.5956487460632913	0.3535039245639102	274.01808371228105	0.34087631128570506	108.67161625494236
EXP5_KD_P25_CS30	1.0164103328035656	0.4592020528508287	308.2173490828723	0.2352878033270553	73.95608205932942
EXP5_KD_P25_CS31	2.0960081006783113	0.2118980934182687	449.14667876488636	0.4497039733934903	103.99725220468952
EXP5_KD_P25_CS32	2.0426016360768617	0.1990603291687596	332.9693992606695	0.4293468134958564	116.43063599974559
EXP5_KD_P25_CS33	1.5981179985740512	0.41739757629686186	322.52150848756645	0.3527208848831229	94.83009106221395
EXP5_KD_P26_CS03	1.9939903089498463	0.16360658463026256	238.4258321396549	0.4801901847672998	65.64451682558182
EXP5_KD_P26_CS04	0.1555320607570495	0.9630387034099047	89.24422616117705	0.03636711863354103	62.45548162903637
EXP5_KD_P26_CS05	0.21001977401290017	0.9441448635909877	90.50799144090391	0.04844505307639235	65.93803683258155
EXP5_KD_P26_CS06	0.6349162781664683	0.6439918330970515	116.96482988862124	0.1409675578900873	65.19538717112133
EXP5_KD_P26_CS07	0.12592625636503474	0.9703675790174271	48.306633509716534	0.03127809696574968	48.216921463788836
EXP5_KD_P26_CS08	1.4694373827890448	0.42864462382025675	453.8044696839819	0.3236236213523588	93.13809188028478
EXP5_KD_P26_CS09	0.16594958211122968	0.9598373612309485	198.06156065408038	0.04144092271485966	59.404560922877636
EXP5_KD_P26_CS10	1.186	0.665	179.9	0.278	71
EXP5_KD_P26_CS11	0.4715770462948824	0.8336595473063101	372.3364489893965	0.10487372399680184	84.92827505418543
EXP5_KD_P26_CS12	0.6658036030201907	0.6929831050866274	208.33073186328087	0.1718015871025249	51.95973028414322
EXP5_KD_P26_CS13	0.5344149924011601	0.7807532277712359	252.6532283038821	0.13182477366320366	60.94256673252383
EXP5_KD_P26_CS14	4.429745677136012	0.03187014831849899	2118.5662844425906	0.7422542098175018	390.85952621087586
EXP5_KD_P26_CS15	0.5609633500818519	0.8455622165253336	275.7096275128249	0.12492075205205011	88.43593382805409
EXP5_KD_P26_CS16	0.36729998059866165	0.857299090382078	303.7075324901165	0.08909873610194086	70.87399779341393
EXP5_KD_P26_CS17	5.811245875640296	0.005486562932614403	6006.699076544508	0.8801100351786074	747.5239368351267
EXP5_KD_P26_CS18	1.094758590253155	0.6661245439066079	1186.4454306827959	0.20138239362080845	219.92231175843344
EXP5_KD_P26_CS19	0.5195977123644724	0.8295636317396307	873.0553855149168	0.10751407271543145	113.91978914695068
EXP5_KD_P26_CS20	1.1805158673234895	0.5091017378607707	866.6330964188018	0.24826613665351305	115.08418180411121
EXP5_KD_P26_CS21	2.5806811568016395	0.12170628713313947	643.1786547378973	0.5022748839827101	170.2509489173355
EXP5_KD_P26_CS22	0.7225683174585193	0.7792844087165691	518.2184571453175	0.1528674319912574	111.96468885119967
EXP5_KD_P26_CS23	1.663436726406571	0.36005870330255685	1839.4265655691156	0.2982090238377648	270.53925699143025
EXP5_KD_P26_CS24	0.9219519206264847	0.5420699884812206	229.01478391881673	0.25598111674600665	42.007049443575596
EXP5_KD_P26_CS25	0.8249108182988901	0.4969224281329747	93.55274772984042	0.24003542672917394	30.283064708392487
EXP5_KD_P26_CS26	1.432005554411424	0.31769612688370896	134.95007873309427	0.4022278196477032	36.37309659568486
EXP5_KD_P26_CS27	2.110856189360412	0.39560562119003306	253.58688865273962	0.396083419314969	217.00858895393256
EXP5_KD_P26_CS28	0.2599013235055164	0.9277931171069352	58.782847938554646	0.07045431056217222	41.839283903688944
EXP5_KD_P26_CS29	2.427631915126064	0.14075513174711196	604.2071931316708	0.5809643062439	63.717411125038126
EXP5_KD_P26_CS31	1.3778415644762734	0.2845105558632348	171.39069462308157	0.38444398583469314	35.964314529895674
EXP5_KD_P26_CS32	2.692438904728448	0.30365684290416584	1162.6592232339312	0.443044905926361	503.62421442901973
EXP5_KD_P26_CS33	1.0830581174358014	0.4522559037285485	278.16803954592746	0.2409347871543075	104.45432921523755
EXP5_WT_P23_CS04	1.13	0.665	146.0	0.289	50
EXP5_WT_P23_CS06	1.2186765791387795	0.38322614123545856	149.17637868050116	0.32228007281784454	45.421724805798746
EXP5_WT_P23_CS07	5.07758758773948	0.015014488062254583	892.2187693492735	0.867084751304275	348.1735418257942
EXP5_WT_P23_CS08	2.549331987388575	0.10876097960753428	616.02781429192	0.620049062763659	58.357250030165325
EXP5_WT_P23_CS09	0.8857447895918398	0.4746832698266861	182.7368231241696	0.22485953515932966	55.89735341077812
EXP5_WT_P23_CS10	1.3724975663920764	0.30709351578097155	143.0695209164458	0.35618896590855686	53.294284522212244
EXP5_WT_P23_CS11	0.19764271430395663	0.9509752549472726	348.464765050851	0.049087053820648374	55.44652457190958
EXP5_WT_P23_CS12	0.9995355658204226	0.6776508471579692	352.1884880501629	0.21636846297576684	99.84263539582125
EXP5_WT_P23_CS13	5.040914897199286	0.07330705915762525	986.682614864697	0.7680248638297825	764.8217690501689
EXP5_WT_P23_CS14	2.946836733038113	0.0792498018196115	668.358741368354	0.6201513801071901	117.12594897526469
EXP5_WT_P23_CS15	1.77	0.333	161.7	0.498	35
EXP5_WT_P23_CS17	7.242175442253426	0.0010262168222630041	2728.8172921548303	0.9584497632528971	2372.608990145771
EXP5_WT_P23_CS18	0.8677001089372745	0.6893313168050761	1480.500078732921	0.18183053071603492	118.3286879981232
EXP5_WT_P23_CS19	0.5276482362729067	0.8450252708742136	1108.7155123887253	0.11185237281905103	117.96044510281735
EXP5_WT_P23_CS20	3.197250038801961	0.12375343313667553	1774.4787590839733	0.5491042889524553	367.74028216593655
EXP5_WT_P23_CS21	2.7995211369481297	0.24417396277373116	5595.979729586024	0.5071131131759405	258.78457472097864
EXP5_WT_P23_CS22	0.31607977369521995	0.9233434330649851	1134.520293299556	0.06590566318701696	122.78355623381188
EXP5_WT_P23_CS23	0.618511904117426	0.7512210741043424	942.0480509738471	0.1434959352971149	79.14155378494638
EXP5_WT_P23_CS24	0.5665293533655775	0.8365834935733706	2115.775391094692	0.10338596615645046	216.58290356067226
EXP5_WT_P23_CS25	2.515783785950741	0.1632880786484019	719.7356531624145	0.5669523891270059	96.34507593062898
EXP5_WT_P23_CS26	4.828153131828561	0.015018380731961933	1004.8407792844305	0.8792556358265347	243.3425031921443
EXP5_WT_P23_CS27	0.4455839175545426	0.8919921040741887	177.19253869567248	0.09699379100300676	108.47165865800974
EXP5_WT_P23_CS28	0.4988476571290598	0.8465442243605547	439.16318500128415	0.10035425612753823	104.67905983665402
EXP5_WT_P23_CS29	0.29731543213998013	0.8956196766310071	144.79924585106716	0.08764866112020886	32.44728871000918
EXP5_WT_P23_CS30	3.271062813717485	0.14337831987779914	548.6855336609417	0.6271229185182513	182.28061231004583
EXP5_WT_P23_CS31	2.7932946040793913	0.325319303228396	431.9310415867567	0.5254254391422455	202.2750713085829
EXP5_WT_P23_CS32	3.0630276848780924	0.1747275136120664	989.6718597266257	0.610041533754156	175.34362058624262
EXP5_WT_P23_CS33	1.6894919203294214	0.3213965729510406	948.7257561740355	0.37286556857204906	98.00209784090636
EXP5_WT_P24_CS01	0.5012041962378366	0.8301317238391593	98.04249542883281	0.13411167410078018	56.67657730161658
EXP5_WT_P24_CS02	0.6740474216504395	0.57485002635088	30.941456556254124	0.22378428954352547	24.32558197201262
EXP5_WT_P24_CS03	0.9507039554397548	0.4478649045309538	170.1352541304161	0.25553422139584037	40.429095328638304
EXP5_WT_P24_CS07	1.6318376145251516	0.24780792627587067	71.87876077144995	0.5001005400382348	27.71897867712494
EXP5_WT_P24_CS08	0.24959261453813963	0.9344680885957573	506.1565088259712	0.057902465141087434	78.67260532727225
EXP5_WT_P24_CS10	2.0617701680290947	0.2515161275725297	1024.0176621663927	0.3358223583140666	376.93163865009257
EXP5_WT_P24_CS13	1.8524792781815502	0.22152487453819003	295.2085884166857	0.414498604680481	99.33824113911719
EXP5_WT_P24_CS14	5.394622062222666	0.007655434765410424	796.835676624379	0.8580283096872111	567.9464365059372
EXP5_WT_P24_CS15	2.382907486112803	0.18247101496111284	740.4431016824243	0.44332387326088163	232.7646782477483
EXP5_WT_P24_CS16	0.7583380226379292	0.6667400448911549	784.3694953142797	0.16140057764240145	124.35494862796625
EXP5_WT_P24_CS17	7.244020085229437	0.001	2343.715953370905	0.9616768162531564	2256.6799484970406
EXP5_WT_P24_CS18	2.4852550864498824	0.268682576285007	3348.474520097937	0.43616143848164385	302.50772330423234
EXP5_WT_P24_CS19	2.629	0.606	2638.1	0.485	226
EXP5_WT_P24_CS20	4.626764149430116	0.02847638799618757	2807.1115580462597	0.7563537707737098	475.45590630368474
EXP5_WT_P24_CS21	5.389727792993398	0.020456946758553918	1564.692560626047	0.7863156591784978	1089.3846919065459
EXP5_WT_P24_CS22	4.7176729277363485	0.014856888715745753	5101.408624294281	0.833442805203747	303.5613778576659
EXP5_WT_P24_CS23	4.323	0.272	4026.3	0.733	363
EXP5_WT_P24_CS24	2.03	0.196	1947.0	0.506	55
EXP5_WT_P24_CS25	0.05640144920807988	0.9869377959611564	292.53369806737334	0.01790386633546459	27.72511584019678
EXP5_WT_P24_CS26	2.807655131505668	0.09547720800364157	3330.2060398322515	0.5453758366667705	209.64276562542776
EXP5_WT_P24_CS27	6.487318571270194	0.0022467068132032697	1460.1129316182464	0.9403559242648978	1092.6358976837557
EXP5_WT_P24_CS28	1.8580836760051227	0.40095354572233	785.4429739071982	0.33466683298075905	287.1613691701357
EXP5_WT_P24_CS30	0.10683772160809102	0.9750198471378413	189.03813841947766	0.029508819372306094	41.72285406071249
EXP5_WT_P24_CS31	3.5814132268464247	0.04274348555497409	3277.494961725532	0.6750403058517013	249.46967002150973
EXP5_WT_P24_CS32	2.329305146654491	0.4393608788164716	991.4225179681474	0.37298664359567435	617.320566602084
EXP5_WT_P24_CS33	5.172458727277828	0.009171136867191731	2308.7978827279594	0.8971536252553467	320.7973720453394
